id,image_path
9117000170,satellite_images\9117000170.jpg
6700390210,satellite_images\6700390210.jpg
7212660540,satellite_images\7212660540.jpg
8562780200,satellite_images\8562780200.jpg
7760400350,satellite_images\7760400350.jpg
464001025,satellite_images\464001025.jpg
3432500486,satellite_images\3432500486.jpg
1126059095,satellite_images\1126059095.jpg
3876500290,satellite_images\3876500290.jpg
1865400075,satellite_images\1865400075.jpg
2558690150,satellite_images\2558690150.jpg
7154200070,satellite_images\7154200070.jpg
4139490210,satellite_images\4139490210.jpg
9264901040,satellite_images\9264901040.jpg
4273000095,satellite_images\4273000095.jpg
8691410310,satellite_images\8691410310.jpg
6601200020,satellite_images\6601200020.jpg
8663260030,satellite_images\8663260030.jpg
7016300050,satellite_images\7016300050.jpg
7968460240,satellite_images\7968460240.jpg
3918400017,satellite_images\3918400017.jpg
4046500270,satellite_images\4046500270.jpg
7849202296,satellite_images\7849202296.jpg
8585400135,satellite_images\8585400135.jpg
6163900411,satellite_images\6163900411.jpg
2558640110,satellite_images\2558640110.jpg
9834200885,satellite_images\9834200885.jpg
3876600120,satellite_images\3876600120.jpg
8691330260,satellite_images\8691330260.jpg
5416500980,satellite_images\5416500980.jpg
809002610,satellite_images\809002610.jpg
1778500595,satellite_images\1778500595.jpg
1220000367,satellite_images\1220000367.jpg
7504020670,satellite_images\7504020670.jpg
3630110370,satellite_images\3630110370.jpg
2490200620,satellite_images\2490200620.jpg
1775801340,satellite_images\1775801340.jpg
1683600240,satellite_images\1683600240.jpg
1180002378,satellite_images\1180002378.jpg
7955050170,satellite_images\7955050170.jpg
7518507580,satellite_images\7518507580.jpg
1441600020,satellite_images\1441600020.jpg
5101408599,satellite_images\5101408599.jpg
1370803940,satellite_images\1370803940.jpg
3342700371,satellite_images\3342700371.jpg
3668000070,satellite_images\3668000070.jpg
8562720390,satellite_images\8562720390.jpg
9835801000,satellite_images\9835801000.jpg
8856890020,satellite_images\8856890020.jpg
9324800025,satellite_images\9324800025.jpg
9257900010,satellite_images\9257900010.jpg
9136103026,satellite_images\9136103026.jpg
4213910030,satellite_images\4213910030.jpg
2923500010,satellite_images\2923500010.jpg
461002025,satellite_images\461002025.jpg
9277700075,satellite_images\9277700075.jpg
7853361120,satellite_images\7853361120.jpg
1788700070,satellite_images\1788700070.jpg
5411600020,satellite_images\5411600020.jpg
1561900180,satellite_images\1561900180.jpg
3300701440,satellite_images\3300701440.jpg
7853230590,satellite_images\7853230590.jpg
3601800580,satellite_images\3601800580.jpg
1438000390,satellite_images\1438000390.jpg
8700100010,satellite_images\8700100010.jpg
7231501610,satellite_images\7231501610.jpg
3396200090,satellite_images\3396200090.jpg
1245500099,satellite_images\1245500099.jpg
9831200520,satellite_images\9831200520.jpg
923000280,satellite_images\923000280.jpg
739800250,satellite_images\739800250.jpg
293760050,satellite_images\293760050.jpg
1088020070,satellite_images\1088020070.jpg
7853340960,satellite_images\7853340960.jpg
3819800580,satellite_images\3819800580.jpg
3211200460,satellite_images\3211200460.jpg
263000291,satellite_images\263000291.jpg
3345100251,satellite_images\3345100251.jpg
2655500241,satellite_images\2655500241.jpg
7454001280,satellite_images\7454001280.jpg
984200690,satellite_images\984200690.jpg
5332200515,satellite_images\5332200515.jpg
7973202225,satellite_images\7973202225.jpg
4340610080,satellite_images\4340610080.jpg
269000221,satellite_images\269000221.jpg
2420069251,satellite_images\2420069251.jpg
2225039130,satellite_images\2225039130.jpg
3904100065,satellite_images\3904100065.jpg
7625702263,satellite_images\7625702263.jpg
4140090240,satellite_images\4140090240.jpg
4037400295,satellite_images\4037400295.jpg
5016001285,satellite_images\5016001285.jpg
1972201772,satellite_images\1972201772.jpg
1310700210,satellite_images\1310700210.jpg
2622059138,satellite_images\2622059138.jpg
8651443420,satellite_images\8651443420.jpg
7287100035,satellite_images\7287100035.jpg
2459500310,satellite_images\2459500310.jpg
4232900310,satellite_images\4232900310.jpg
8945000260,satellite_images\8945000260.jpg
1545806510,satellite_images\1545806510.jpg
6649900301,satellite_images\6649900301.jpg
5315100805,satellite_images\5315100805.jpg
7708200880,satellite_images\7708200880.jpg
7925100271,satellite_images\7925100271.jpg
6163901061,satellite_images\6163901061.jpg
3404700041,satellite_images\3404700041.jpg
161000120,satellite_images\161000120.jpg
7649400170,satellite_images\7649400170.jpg
1529300115,satellite_images\1529300115.jpg
6918720100,satellite_images\6918720100.jpg
5244800915,satellite_images\5244800915.jpg
1560800150,satellite_images\1560800150.jpg
5191100180,satellite_images\5191100180.jpg
2923039017,satellite_images\2923039017.jpg
6204200470,satellite_images\6204200470.jpg
3832150190,satellite_images\3832150190.jpg
4385700185,satellite_images\4385700185.jpg
9407150100,satellite_images\9407150100.jpg
2044500213,satellite_images\2044500213.jpg
1623049133,satellite_images\1623049133.jpg
3625059166,satellite_images\3625059166.jpg
4389200796,satellite_images\4389200796.jpg
7955050250,satellite_images\7955050250.jpg
9412400185,satellite_images\9412400185.jpg
1926069054,satellite_images\1926069054.jpg
2425700005,satellite_images\2425700005.jpg
7215730430,satellite_images\7215730430.jpg
2287000030,satellite_images\2287000030.jpg
3862710200,satellite_images\3862710200.jpg
476000118,satellite_images\476000118.jpg
2726049034,satellite_images\2726049034.jpg
3221079055,satellite_images\3221079055.jpg
3127200041,satellite_images\3127200041.jpg
937000280,satellite_images\937000280.jpg
4083802425,satellite_images\4083802425.jpg
7199340480,satellite_images\7199340480.jpg
1953400045,satellite_images\1953400045.jpg
7697000150,satellite_images\7697000150.jpg
7338200240,satellite_images\7338200240.jpg
6021503451,satellite_images\6021503451.jpg
3630200460,satellite_images\3630200460.jpg
687600110,satellite_images\687600110.jpg
6788200596,satellite_images\6788200596.jpg
3205400140,satellite_images\3205400140.jpg
4037200075,satellite_images\4037200075.jpg
7695470120,satellite_images\7695470120.jpg
7202290180,satellite_images\7202290180.jpg
6159400060,satellite_images\6159400060.jpg
3830630060,satellite_images\3830630060.jpg
1774200230,satellite_images\1774200230.jpg
8856500120,satellite_images\8856500120.jpg
2329800240,satellite_images\2329800240.jpg
4307330120,satellite_images\4307330120.jpg
3629970680,satellite_images\3629970680.jpg
4309700190,satellite_images\4309700190.jpg
3062600050,satellite_images\3062600050.jpg
5538300460,satellite_images\5538300460.jpg
3278600900,satellite_images\3278600900.jpg
2414600195,satellite_images\2414600195.jpg
1786630160,satellite_images\1786630160.jpg
8594400370,satellite_images\8594400370.jpg
226059120,satellite_images\226059120.jpg
5379804537,satellite_images\5379804537.jpg
4046500140,satellite_images\4046500140.jpg
822039111,satellite_images\822039111.jpg
1786830060,satellite_images\1786830060.jpg
9290850060,satellite_images\9290850060.jpg
395300330,satellite_images\395300330.jpg
2472930270,satellite_images\2472930270.jpg
5029000120,satellite_images\5029000120.jpg
1818800144,satellite_images\1818800144.jpg
1646500785,satellite_images\1646500785.jpg
1231000640,satellite_images\1231000640.jpg
789000550,satellite_images\789000550.jpg
7625703007,satellite_images\7625703007.jpg
5583200810,satellite_images\5583200810.jpg
192300020,satellite_images\192300020.jpg
3332000715,satellite_images\3332000715.jpg
5742600090,satellite_images\5742600090.jpg
623049047,satellite_images\623049047.jpg
9557300570,satellite_images\9557300570.jpg
7853321180,satellite_images\7853321180.jpg
5416510490,satellite_images\5416510490.jpg
7227500450,satellite_images\7227500450.jpg
5637200450,satellite_images\5637200450.jpg
6371000100,satellite_images\6371000100.jpg
952005000,satellite_images\952005000.jpg
1924059248,satellite_images\1924059248.jpg
7855000325,satellite_images\7855000325.jpg
194000145,satellite_images\194000145.jpg
5135000160,satellite_images\5135000160.jpg
3023049215,satellite_images\3023049215.jpg
4104500181,satellite_images\4104500181.jpg
4188000240,satellite_images\4188000240.jpg
2896000710,satellite_images\2896000710.jpg
4039700090,satellite_images\4039700090.jpg
5253300397,satellite_images\5253300397.jpg
3874400380,satellite_images\3874400380.jpg
3352400004,satellite_images\3352400004.jpg
6112300140,satellite_images\6112300140.jpg
6430500010,satellite_images\6430500010.jpg
5113400168,satellite_images\5113400168.jpg
192450200,satellite_images\192450200.jpg
1245000685,satellite_images\1245000685.jpg
4055700920,satellite_images\4055700920.jpg
5589300205,satellite_images\5589300205.jpg
1015000050,satellite_images\1015000050.jpg
6146600420,satellite_images\6146600420.jpg
2755200040,satellite_images\2755200040.jpg
3622059157,satellite_images\3622059157.jpg
9325200160,satellite_images\9325200160.jpg
2767900355,satellite_images\2767900355.jpg
303800020,satellite_images\303800020.jpg
1796360990,satellite_images\1796360990.jpg
2721600010,satellite_images\2721600010.jpg
7625703354,satellite_images\7625703354.jpg
9268851680,satellite_images\9268851680.jpg
3740000010,satellite_images\3740000010.jpg
4058801575,satellite_images\4058801575.jpg
2639400020,satellite_images\2639400020.jpg
9492500090,satellite_images\9492500090.jpg
7436500060,satellite_images\7436500060.jpg
6666860170,satellite_images\6666860170.jpg
7841300505,satellite_images\7841300505.jpg
9169600209,satellite_images\9169600209.jpg
125059178,satellite_images\125059178.jpg
6096500105,satellite_images\6096500105.jpg
2770604103,satellite_images\2770604103.jpg
1138000830,satellite_images\1138000830.jpg
8807300570,satellite_images\8807300570.jpg
7878400135,satellite_images\7878400135.jpg
3971700390,satellite_images\3971700390.jpg
5430300171,satellite_images\5430300171.jpg
5422560470,satellite_images\5422560470.jpg
3226059071,satellite_images\3226059071.jpg
1873100050,satellite_images\1873100050.jpg
3835500005,satellite_images\3835500005.jpg
1424130050,satellite_images\1424130050.jpg
4423100095,satellite_images\4423100095.jpg
1753500100,satellite_images\1753500100.jpg
1158700100,satellite_images\1158700100.jpg
1760650750,satellite_images\1760650750.jpg
5379806185,satellite_images\5379806185.jpg
8658301535,satellite_images\8658301535.jpg
4397000020,satellite_images\4397000020.jpg
2009000830,satellite_images\2009000830.jpg
9178600360,satellite_images\9178600360.jpg
1922069071,satellite_images\1922069071.jpg
7883600700,satellite_images\7883600700.jpg
982850010,satellite_images\982850010.jpg
6204420070,satellite_images\6204420070.jpg
2525049259,satellite_images\2525049259.jpg
200510060,satellite_images\200510060.jpg
2391602650,satellite_images\2391602650.jpg
5680001095,satellite_images\5680001095.jpg
1723049270,satellite_images\1723049270.jpg
476000331,satellite_images\476000331.jpg
5379804470,satellite_images\5379804470.jpg
7203601405,satellite_images\7203601405.jpg
9485760050,satellite_images\9485760050.jpg
3278611600,satellite_images\3278611600.jpg
3904930240,satellite_images\3904930240.jpg
797000256,satellite_images\797000256.jpg
7298040310,satellite_images\7298040310.jpg
865100055,satellite_images\865100055.jpg
5726500130,satellite_images\5726500130.jpg
7559600430,satellite_images\7559600430.jpg
3699100130,satellite_images\3699100130.jpg
7215420590,satellite_images\7215420590.jpg
1257201130,satellite_images\1257201130.jpg
740500040,satellite_images\740500040.jpg
9578501030,satellite_images\9578501030.jpg
3211000040,satellite_images\3211000040.jpg
2895800780,satellite_images\2895800780.jpg
844000425,satellite_images\844000425.jpg
4221250120,satellite_images\4221250120.jpg
7635800313,satellite_images\7635800313.jpg
8651710430,satellite_images\8651710430.jpg
6804600720,satellite_images\6804600720.jpg
345700180,satellite_images\345700180.jpg
269000240,satellite_images\269000240.jpg
3834000520,satellite_images\3834000520.jpg
2200500350,satellite_images\2200500350.jpg
2641800060,satellite_images\2641800060.jpg
5469502860,satellite_images\5469502860.jpg
1370803820,satellite_images\1370803820.jpg
8731981500,satellite_images\8731981500.jpg
5309101395,satellite_images\5309101395.jpg
3678900450,satellite_images\3678900450.jpg
428000225,satellite_images\428000225.jpg
1423700680,satellite_images\1423700680.jpg
1525059215,satellite_images\1525059215.jpg
5104512180,satellite_images\5104512180.jpg
1233100351,satellite_images\1233100351.jpg
7202300110,satellite_images\7202300110.jpg
6448000090,satellite_images\6448000090.jpg
1939130730,satellite_images\1939130730.jpg
7015200335,satellite_images\7015200335.jpg
3211000190,satellite_images\3211000190.jpg
4127000050,satellite_images\4127000050.jpg
3305100230,satellite_images\3305100230.jpg
2223059052,satellite_images\2223059052.jpg
2877101031,satellite_images\2877101031.jpg
8587400050,satellite_images\8587400050.jpg
9407100300,satellite_images\9407100300.jpg
7853340860,satellite_images\7853340860.jpg
461002615,satellite_images\461002615.jpg
1370801440,satellite_images\1370801440.jpg
2473450870,satellite_images\2473450870.jpg
8056000075,satellite_images\8056000075.jpg
2338800100,satellite_images\2338800100.jpg
3885803895,satellite_images\3885803895.jpg
1796350080,satellite_images\1796350080.jpg
2581900060,satellite_images\2581900060.jpg
7849200945,satellite_images\7849200945.jpg
3619600143,satellite_images\3619600143.jpg
603000926,satellite_images\603000926.jpg
1545804860,satellite_images\1545804860.jpg
2201500030,satellite_images\2201500030.jpg
2807100156,satellite_images\2807100156.jpg
7137950350,satellite_images\7137950350.jpg
2892700041,satellite_images\2892700041.jpg
1818800235,satellite_images\1818800235.jpg
4242900245,satellite_images\4242900245.jpg
1939110080,satellite_images\1939110080.jpg
2726049169,satellite_images\2726049169.jpg
8732020770,satellite_images\8732020770.jpg
1520069052,satellite_images\1520069052.jpg
2919200280,satellite_images\2919200280.jpg
1388600070,satellite_images\1388600070.jpg
269000070,satellite_images\269000070.jpg
7752000065,satellite_images\7752000065.jpg
1824079073,satellite_images\1824079073.jpg
6450302546,satellite_images\6450302546.jpg
2862500070,satellite_images\2862500070.jpg
926069132,satellite_images\926069132.jpg
7899800864,satellite_images\7899800864.jpg
9407150360,satellite_images\9407150360.jpg
1311900240,satellite_images\1311900240.jpg
3438503223,satellite_images\3438503223.jpg
6610000591,satellite_images\6610000591.jpg
7129301851,satellite_images\7129301851.jpg
7748000020,satellite_images\7748000020.jpg
6705850020,satellite_images\6705850020.jpg
7853361410,satellite_images\7853361410.jpg
3293700496,satellite_images\3293700496.jpg
546000045,satellite_images\546000045.jpg
9545250110,satellite_images\9545250110.jpg
993001629,satellite_images\993001629.jpg
6817800840,satellite_images\6817800840.jpg
4045800030,satellite_images\4045800030.jpg
8113100850,satellite_images\8113100850.jpg
2902200237,satellite_images\2902200237.jpg
7156200005,satellite_images\7156200005.jpg
7611200136,satellite_images\7611200136.jpg
9412200330,satellite_images\9412200330.jpg
7617500075,satellite_images\7617500075.jpg
8150600195,satellite_images\8150600195.jpg
3438501862,satellite_images\3438501862.jpg
7212680460,satellite_images\7212680460.jpg
1250202255,satellite_images\1250202255.jpg
7137300040,satellite_images\7137300040.jpg
6126500060,satellite_images\6126500060.jpg
7129301578,satellite_images\7129301578.jpg
8820902200,satellite_images\8820902200.jpg
2616700520,satellite_images\2616700520.jpg
2155000290,satellite_images\2155000290.jpg
3797710010,satellite_images\3797710010.jpg
1775800220,satellite_images\1775800220.jpg
9547202950,satellite_images\9547202950.jpg
9264921140,satellite_images\9264921140.jpg
9276200455,satellite_images\9276200455.jpg
3352401476,satellite_images\3352401476.jpg
7853302180,satellite_images\7853302180.jpg
9202650210,satellite_images\9202650210.jpg
8029510010,satellite_images\8029510010.jpg
985000950,satellite_images\985000950.jpg
4206901155,satellite_images\4206901155.jpg
2473420170,satellite_images\2473420170.jpg
7694200350,satellite_images\7694200350.jpg
9335400005,satellite_images\9335400005.jpg
1726059053,satellite_images\1726059053.jpg
3388100020,satellite_images\3388100020.jpg
7977200945,satellite_images\7977200945.jpg
5637500094,satellite_images\5637500094.jpg
3575302562,satellite_images\3575302562.jpg
5700002325,satellite_images\5700002325.jpg
6749700063,satellite_images\6749700063.jpg
1109000175,satellite_images\1109000175.jpg
1231001130,satellite_images\1231001130.jpg
921049315,satellite_images\921049315.jpg
6815100370,satellite_images\6815100370.jpg
1526059051,satellite_images\1526059051.jpg
5100403321,satellite_images\5100403321.jpg
6400700264,satellite_images\6400700264.jpg
4435600330,satellite_images\4435600330.jpg
8651400580,satellite_images\8651400580.jpg
4036801315,satellite_images\4036801315.jpg
414100280,satellite_images\414100280.jpg
1180500100,satellite_images\1180500100.jpg
1504800097,satellite_images\1504800097.jpg
8835350230,satellite_images\8835350230.jpg
3438503140,satellite_images\3438503140.jpg
3876313030,satellite_images\3876313030.jpg
7526800040,satellite_images\7526800040.jpg
5415350480,satellite_images\5415350480.jpg
8682291940,satellite_images\8682291940.jpg
7399000350,satellite_images\7399000350.jpg
4038400130,satellite_images\4038400130.jpg
9103000715,satellite_images\9103000715.jpg
9521101055,satellite_images\9521101055.jpg
726059485,satellite_images\726059485.jpg
6413100242,satellite_images\6413100242.jpg
2946000912,satellite_images\2946000912.jpg
4154301371,satellite_images\4154301371.jpg
1086100100,satellite_images\1086100100.jpg
9320700400,satellite_images\9320700400.jpg
1545808560,satellite_images\1545808560.jpg
7806210250,satellite_images\7806210250.jpg
3319500317,satellite_images\3319500317.jpg
16000545,satellite_images\16000545.jpg
8700500020,satellite_images\8700500020.jpg
2600030210,satellite_images\2600030210.jpg
7348200195,satellite_images\7348200195.jpg
7504000510,satellite_images\7504000510.jpg
7812800215,satellite_images\7812800215.jpg
8099800340,satellite_images\8099800340.jpg
952002250,satellite_images\952002250.jpg
1921059303,satellite_images\1921059303.jpg
5631500594,satellite_images\5631500594.jpg
2968800645,satellite_images\2968800645.jpg
5649600266,satellite_images\5649600266.jpg
625049318,satellite_images\625049318.jpg
4235400097,satellite_images\4235400097.jpg
2366400150,satellite_images\2366400150.jpg
6197200021,satellite_images\6197200021.jpg
3041700090,satellite_images\3041700090.jpg
1873100390,satellite_images\1873100390.jpg
3052700610,satellite_images\3052700610.jpg
6141600140,satellite_images\6141600140.jpg
726049202,satellite_images\726049202.jpg
4364700595,satellite_images\4364700595.jpg
1250201165,satellite_images\1250201165.jpg
7923250090,satellite_images\7923250090.jpg
1025039145,satellite_images\1025039145.jpg
8731982470,satellite_images\8731982470.jpg
6117500980,satellite_images\6117500980.jpg
6056100165,satellite_images\6056100165.jpg
5149300400,satellite_images\5149300400.jpg
5700001920,satellite_images\5700001920.jpg
2159900020,satellite_images\2159900020.jpg
7490000040,satellite_images\7490000040.jpg
3524049042,satellite_images\3524049042.jpg
9169600096,satellite_images\9169600096.jpg
1724069062,satellite_images\1724069062.jpg
6892510200,satellite_images\6892510200.jpg
1322049150,satellite_images\1322049150.jpg
2324039036,satellite_images\2324039036.jpg
3491300082,satellite_images\3491300082.jpg
164000267,satellite_images\164000267.jpg
3123039089,satellite_images\3123039089.jpg
1338800785,satellite_images\1338800785.jpg
8965400390,satellite_images\8965400390.jpg
3904940200,satellite_images\3904940200.jpg
8820903555,satellite_images\8820903555.jpg
5469502060,satellite_images\5469502060.jpg
8665900331,satellite_images\8665900331.jpg
6205500280,satellite_images\6205500280.jpg
7683900200,satellite_images\7683900200.jpg
6414100111,satellite_images\6414100111.jpg
8155830020,satellite_images\8155830020.jpg
1370804446,satellite_images\1370804446.jpg
9429400060,satellite_images\9429400060.jpg
9432900070,satellite_images\9432900070.jpg
567000392,satellite_images\567000392.jpg
2011400782,satellite_images\2011400782.jpg
7100000110,satellite_images\7100000110.jpg
3304030220,satellite_images\3304030220.jpg
9540100025,satellite_images\9540100025.jpg
9536601331,satellite_images\9536601331.jpg
1525059165,satellite_images\1525059165.jpg
2144800311,satellite_images\2144800311.jpg
2113701200,satellite_images\2113701200.jpg
9265200060,satellite_images\9265200060.jpg
5608030020,satellite_images\5608030020.jpg
9834201215,satellite_images\9834201215.jpg
7853320470,satellite_images\7853320470.jpg
9378700200,satellite_images\9378700200.jpg
9541800190,satellite_images\9541800190.jpg
5101400871,satellite_images\5101400871.jpg
8078600330,satellite_images\8078600330.jpg
2877101310,satellite_images\2877101310.jpg
7570050070,satellite_images\7570050070.jpg
6403310060,satellite_images\6403310060.jpg
1180007005,satellite_images\1180007005.jpg
2742100009,satellite_images\2742100009.jpg
6071400710,satellite_images\6071400710.jpg
2599700040,satellite_images\2599700040.jpg
5450900140,satellite_images\5450900140.jpg
3693900155,satellite_images\3693900155.jpg
7298030210,satellite_images\7298030210.jpg
421000465,satellite_images\421000465.jpg
6382500076,satellite_images\6382500076.jpg
4223000280,satellite_images\4223000280.jpg
7212652180,satellite_images\7212652180.jpg
5029451010,satellite_images\5029451010.jpg
203400090,satellite_images\203400090.jpg
9136102680,satellite_images\9136102680.jpg
561000075,satellite_images\561000075.jpg
2461900760,satellite_images\2461900760.jpg
823069044,satellite_images\823069044.jpg
7697920450,satellite_images\7697920450.jpg
9268710220,satellite_images\9268710220.jpg
2523039282,satellite_images\2523039282.jpg
8682230550,satellite_images\8682230550.jpg
4136900190,satellite_images\4136900190.jpg
1545803340,satellite_images\1545803340.jpg
2787320430,satellite_images\2787320430.jpg
111000190,satellite_images\111000190.jpg
7857001560,satellite_images\7857001560.jpg
2028700570,satellite_images\2028700570.jpg
524059241,satellite_images\524059241.jpg
9414500480,satellite_images\9414500480.jpg
1321720160,satellite_images\1321720160.jpg
7715801090,satellite_images\7715801090.jpg
3530400080,satellite_images\3530400080.jpg
2769600305,satellite_images\2769600305.jpg
4307310400,satellite_images\4307310400.jpg
1438700040,satellite_images\1438700040.jpg
8078430360,satellite_images\8078430360.jpg
2597670470,satellite_images\2597670470.jpg
686400670,satellite_images\686400670.jpg
2925079012,satellite_images\2925079012.jpg
7811100230,satellite_images\7811100230.jpg
2424059061,satellite_images\2424059061.jpg
8127700445,satellite_images\8127700445.jpg
8637100370,satellite_images\8637100370.jpg
8825900070,satellite_images\8825900070.jpg
5028602020,satellite_images\5028602020.jpg
688000017,satellite_images\688000017.jpg
2592400170,satellite_images\2592400170.jpg
323089005,satellite_images\323089005.jpg
2087700115,satellite_images\2087700115.jpg
1150000340,satellite_images\1150000340.jpg
3352400661,satellite_images\3352400661.jpg
2726079103,satellite_images\2726079103.jpg
6662400105,satellite_images\6662400105.jpg
1423069095,satellite_images\1423069095.jpg
6073300530,satellite_images\6073300530.jpg
7893203770,satellite_images\7893203770.jpg
809001060,satellite_images\809001060.jpg
3211600650,satellite_images\3211600650.jpg
705700580,satellite_images\705700580.jpg
1180002075,satellite_images\1180002075.jpg
8732020720,satellite_images\8732020720.jpg
7215410320,satellite_images\7215410320.jpg
8691300380,satellite_images\8691300380.jpg
7740100015,satellite_images\7740100015.jpg
5634500201,satellite_images\5634500201.jpg
6918700370,satellite_images\6918700370.jpg
526059122,satellite_images\526059122.jpg
9266701115,satellite_images\9266701115.jpg
625049299,satellite_images\625049299.jpg
5634500392,satellite_images\5634500392.jpg
1442800370,satellite_images\1442800370.jpg
3629960600,satellite_images\3629960600.jpg
2329810590,satellite_images\2329810590.jpg
8129700255,satellite_images\8129700255.jpg
1066600090,satellite_images\1066600090.jpg
3329500730,satellite_images\3329500730.jpg
2862100205,satellite_images\2862100205.jpg
1523089012,satellite_images\1523089012.jpg
2131701240,satellite_images\2131701240.jpg
9268850030,satellite_images\9268850030.jpg
1561600095,satellite_images\1561600095.jpg
4045500130,satellite_images\4045500130.jpg
8035350010,satellite_images\8035350010.jpg
7518500855,satellite_images\7518500855.jpg
5101408593,satellite_images\5101408593.jpg
7856560380,satellite_images\7856560380.jpg
3818700123,satellite_images\3818700123.jpg
2391601195,satellite_images\2391601195.jpg
3303870050,satellite_images\3303870050.jpg
1724069043,satellite_images\1724069043.jpg
375000230,satellite_images\375000230.jpg
3876313260,satellite_images\3876313260.jpg
8682320090,satellite_images\8682320090.jpg
5566100205,satellite_images\5566100205.jpg
5100402767,satellite_images\5100402767.jpg
1560870040,satellite_images\1560870040.jpg
4037800020,satellite_images\4037800020.jpg
3353400120,satellite_images\3353400120.jpg
84000105,satellite_images\84000105.jpg
4078300050,satellite_images\4078300050.jpg
415100015,satellite_images\415100015.jpg
3971700330,satellite_images\3971700330.jpg
7230300610,satellite_images\7230300610.jpg
2623089002,satellite_images\2623089002.jpg
5104540240,satellite_images\5104540240.jpg
3362400511,satellite_images\3362400511.jpg
4457300135,satellite_images\4457300135.jpg
6795100563,satellite_images\6795100563.jpg
6338000032,satellite_images\6338000032.jpg
3362900810,satellite_images\3362900810.jpg
4449800595,satellite_images\4449800595.jpg
5113260170,satellite_images\5113260170.jpg
2821100125,satellite_images\2821100125.jpg
7518503200,satellite_images\7518503200.jpg
9429400170,satellite_images\9429400170.jpg
1232001070,satellite_images\1232001070.jpg
2767604580,satellite_images\2767604580.jpg
1022059123,satellite_images\1022059123.jpg
715010140,satellite_images\715010140.jpg
5423040140,satellite_images\5423040140.jpg
1785400780,satellite_images\1785400780.jpg
1245003660,satellite_images\1245003660.jpg
7520000330,satellite_images\7520000330.jpg
126049100,satellite_images\126049100.jpg
1376800025,satellite_images\1376800025.jpg
4136800205,satellite_images\4136800205.jpg
4046600070,satellite_images\4046600070.jpg
2325400170,satellite_images\2325400170.jpg
2366800055,satellite_images\2366800055.jpg
7852130410,satellite_images\7852130410.jpg
1118002000,satellite_images\1118002000.jpg
3622059088,satellite_images\3622059088.jpg
9433000470,satellite_images\9433000470.jpg
8562400025,satellite_images\8562400025.jpg
3882300090,satellite_images\3882300090.jpg
1237500120,satellite_images\1237500120.jpg
5729200030,satellite_images\5729200030.jpg
7504020970,satellite_images\7504020970.jpg
2767704252,satellite_images\2767704252.jpg
1795700030,satellite_images\1795700030.jpg
6145602125,satellite_images\6145602125.jpg
3902600150,satellite_images\3902600150.jpg
2024059127,satellite_images\2024059127.jpg
3127200021,satellite_images\3127200021.jpg
3362400431,satellite_images\3362400431.jpg
3955800080,satellite_images\3955800080.jpg
2025059026,satellite_images\2025059026.jpg
1689401230,satellite_images\1689401230.jpg
2427910040,satellite_images\2427910040.jpg
1509500160,satellite_images\1509500160.jpg
2558160220,satellite_images\2558160220.jpg
4053200566,satellite_images\4053200566.jpg
8079040330,satellite_images\8079040330.jpg
3629970620,satellite_images\3629970620.jpg
3271800910,satellite_images\3271800910.jpg
6181420200,satellite_images\6181420200.jpg
3629970610,satellite_images\3629970610.jpg
7237300090,satellite_images\7237300090.jpg
3879901285,satellite_images\3879901285.jpg
1624079051,satellite_images\1624079051.jpg
8564850300,satellite_images\8564850300.jpg
3126059023,satellite_images\3126059023.jpg
9407000920,satellite_images\9407000920.jpg
7889601270,satellite_images\7889601270.jpg
3529000880,satellite_images\3529000880.jpg
9347900020,satellite_images\9347900020.jpg
7186800105,satellite_images\7186800105.jpg
1118000080,satellite_images\1118000080.jpg
6300500515,satellite_images\6300500515.jpg
3935900030,satellite_images\3935900030.jpg
4036400110,satellite_images\4036400110.jpg
4037000925,satellite_images\4037000925.jpg
7300200550,satellite_images\7300200550.jpg
8078350100,satellite_images\8078350100.jpg
3623500135,satellite_images\3623500135.jpg
1951600150,satellite_images\1951600150.jpg
952004725,satellite_images\952004725.jpg
9552701030,satellite_images\9552701030.jpg
2490200055,satellite_images\2490200055.jpg
2064800610,satellite_images\2064800610.jpg
945000410,satellite_images\945000410.jpg
2595650170,satellite_images\2595650170.jpg
2781270400,satellite_images\2781270400.jpg
5500200010,satellite_images\5500200010.jpg
7853340660,satellite_images\7853340660.jpg
4003000285,satellite_images\4003000285.jpg
1822059331,satellite_images\1822059331.jpg
6623400187,satellite_images\6623400187.jpg
255580190,satellite_images\255580190.jpg
5729000070,satellite_images\5729000070.jpg
8645530010,satellite_images\8645530010.jpg
2324039152,satellite_images\2324039152.jpg
5104510010,satellite_images\5104510010.jpg
1796370730,satellite_images\1796370730.jpg
7856570190,satellite_images\7856570190.jpg
9287802380,satellite_images\9287802380.jpg
5152960710,satellite_images\5152960710.jpg
7655900062,satellite_images\7655900062.jpg
2769602135,satellite_images\2769602135.jpg
2023059052,satellite_images\2023059052.jpg
216500040,satellite_images\216500040.jpg
7923000360,satellite_images\7923000360.jpg
3649100306,satellite_images\3649100306.jpg
5078400190,satellite_images\5078400190.jpg
7567600030,satellite_images\7567600030.jpg
6388920410,satellite_images\6388920410.jpg
7131300025,satellite_images\7131300025.jpg
621069146,satellite_images\621069146.jpg
632000065,satellite_images\632000065.jpg
7852010840,satellite_images\7852010840.jpg
6021503655,satellite_images\6021503655.jpg
7140200250,satellite_images\7140200250.jpg
5312100040,satellite_images\5312100040.jpg
6123000070,satellite_images\6123000070.jpg
461005360,satellite_images\461005360.jpg
1310960190,satellite_images\1310960190.jpg
3342103148,satellite_images\3342103148.jpg
2472920780,satellite_images\2472920780.jpg
1775800510,satellite_images\1775800510.jpg
3023000120,satellite_images\3023000120.jpg
6669020640,satellite_images\6669020640.jpg
6421100502,satellite_images\6421100502.jpg
9577800005,satellite_images\9577800005.jpg
291300280,satellite_images\291300280.jpg
8731980880,satellite_images\8731980880.jpg
6792200066,satellite_images\6792200066.jpg
3261020370,satellite_images\3261020370.jpg
9191201250,satellite_images\9191201250.jpg
7302000610,satellite_images\7302000610.jpg
3343300644,satellite_images\3343300644.jpg
98030530,satellite_images\98030530.jpg
1823049242,satellite_images\1823049242.jpg
8562750660,satellite_images\8562750660.jpg
4376700430,satellite_images\4376700430.jpg
1604601375,satellite_images\1604601375.jpg
880000211,satellite_images\880000211.jpg
3623500205,satellite_images\3623500205.jpg
2695600190,satellite_images\2695600190.jpg
1994200024,satellite_images\1994200024.jpg
8698100115,satellite_images\8698100115.jpg
259500270,satellite_images\259500270.jpg
6021501535,satellite_images\6021501535.jpg
7891600260,satellite_images\7891600260.jpg
8100000080,satellite_images\8100000080.jpg
1708400595,satellite_images\1708400595.jpg
8901000585,satellite_images\8901000585.jpg
1920079062,satellite_images\1920079062.jpg
3904990210,satellite_images\3904990210.jpg
7852160310,satellite_images\7852160310.jpg
1373800170,satellite_images\1373800170.jpg
9264960560,satellite_images\9264960560.jpg
3220200040,satellite_images\3220200040.jpg
6806300920,satellite_images\6806300920.jpg
1049010050,satellite_images\1049010050.jpg
3832710840,satellite_images\3832710840.jpg
2122059127,satellite_images\2122059127.jpg
8682302030,satellite_images\8682302030.jpg
9287800375,satellite_images\9287800375.jpg
3902300100,satellite_images\3902300100.jpg
7234600832,satellite_images\7234600832.jpg
3262300485,satellite_images\3262300485.jpg
7230300100,satellite_images\7230300100.jpg
3629760330,satellite_images\3629760330.jpg
133000127,satellite_images\133000127.jpg
2781250520,satellite_images\2781250520.jpg
1821059264,satellite_images\1821059264.jpg
8820900029,satellite_images\8820900029.jpg
9201000480,satellite_images\9201000480.jpg
2767603215,satellite_images\2767603215.jpg
3024059036,satellite_images\3024059036.jpg
2600100180,satellite_images\2600100180.jpg
5635100080,satellite_images\5635100080.jpg
3438503230,satellite_images\3438503230.jpg
8081020330,satellite_images\8081020330.jpg
5100401516,satellite_images\5100401516.jpg
2493200235,satellite_images\2493200235.jpg
9476200350,satellite_images\9476200350.jpg
4441300170,satellite_images\4441300170.jpg
7202290320,satellite_images\7202290320.jpg
3751605432,satellite_images\3751605432.jpg
7129300935,satellite_images\7129300935.jpg
1796380060,satellite_images\1796380060.jpg
200520120,satellite_images\200520120.jpg
3943600020,satellite_images\3943600020.jpg
6383000820,satellite_images\6383000820.jpg
1402810140,satellite_images\1402810140.jpg
3904901450,satellite_images\3904901450.jpg
3491300180,satellite_images\3491300180.jpg
4222500410,satellite_images\4222500410.jpg
5266300140,satellite_images\5266300140.jpg
9500900135,satellite_images\9500900135.jpg
5412200270,satellite_images\5412200270.jpg
9272200810,satellite_images\9272200810.jpg
475000080,satellite_images\475000080.jpg
4302201085,satellite_images\4302201085.jpg
1402950240,satellite_images\1402950240.jpg
1623300325,satellite_images\1623300325.jpg
603001050,satellite_images\603001050.jpg
3298700156,satellite_images\3298700156.jpg
3342101795,satellite_images\3342101795.jpg
1525069088,satellite_images\1525069088.jpg
6352600350,satellite_images\6352600350.jpg
1868901120,satellite_images\1868901120.jpg
1828001130,satellite_images\1828001130.jpg
4022900125,satellite_images\4022900125.jpg
8722100030,satellite_images\8722100030.jpg
9406540130,satellite_images\9406540130.jpg
3023049186,satellite_images\3023049186.jpg
7853390260,satellite_images\7853390260.jpg
1072030510,satellite_images\1072030510.jpg
1513800036,satellite_images\1513800036.jpg
9358001732,satellite_images\9358001732.jpg
2597710450,satellite_images\2597710450.jpg
4073800140,satellite_images\4073800140.jpg
6623400090,satellite_images\6623400090.jpg
7977200995,satellite_images\7977200995.jpg
7011200830,satellite_images\7011200830.jpg
2423069170,satellite_images\2423069170.jpg
4058801680,satellite_images\4058801680.jpg
9485750240,satellite_images\9485750240.jpg
723049476,satellite_images\723049476.jpg
880000208,satellite_images\880000208.jpg
8562700090,satellite_images\8562700090.jpg
3760500602,satellite_images\3760500602.jpg
3276930380,satellite_images\3276930380.jpg
8680300010,satellite_images\8680300010.jpg
5104650020,satellite_images\5104650020.jpg
3876810140,satellite_images\3876810140.jpg
8019200925,satellite_images\8019200925.jpg
5425700205,satellite_images\5425700205.jpg
7771300125,satellite_images\7771300125.jpg
1545807990,satellite_images\1545807990.jpg
5288200260,satellite_images\5288200260.jpg
4441300325,satellite_images\4441300325.jpg
9126100346,satellite_images\9126100346.jpg
8827900690,satellite_images\8827900690.jpg
9264900350,satellite_images\9264900350.jpg
8679200100,satellite_images\8679200100.jpg
5035300850,satellite_images\5035300850.jpg
3395800660,satellite_images\3395800660.jpg
3812400070,satellite_images\3812400070.jpg
9528102060,satellite_images\9528102060.jpg
1607100038,satellite_images\1607100038.jpg
7856570150,satellite_images\7856570150.jpg
1624059093,satellite_images\1624059093.jpg
1196002395,satellite_images\1196002395.jpg
2770601365,satellite_images\2770601365.jpg
8562750320,satellite_images\8562750320.jpg
5459300040,satellite_images\5459300040.jpg
8952900204,satellite_images\8952900204.jpg
6870000150,satellite_images\6870000150.jpg
7905400040,satellite_images\7905400040.jpg
126039599,satellite_images\126039599.jpg
8917100206,satellite_images\8917100206.jpg
5422950080,satellite_images\5422950080.jpg
7570060290,satellite_images\7570060290.jpg
4385700735,satellite_images\4385700735.jpg
3624079067,satellite_images\3624079067.jpg
2822049148,satellite_images\2822049148.jpg
9238500190,satellite_images\9238500190.jpg
8857640710,satellite_images\8857640710.jpg
622100092,satellite_images\622100092.jpg
4045500715,satellite_images\4045500715.jpg
5469501200,satellite_images\5469501200.jpg
5495200040,satellite_images\5495200040.jpg
8952900260,satellite_images\8952900260.jpg
7785350490,satellite_images\7785350490.jpg
7544800195,satellite_images\7544800195.jpg
8964800370,satellite_images\8964800370.jpg
2767600400,satellite_images\2767600400.jpg
524059208,satellite_images\524059208.jpg
7893800534,satellite_images\7893800534.jpg
2872900050,satellite_images\2872900050.jpg
510003230,satellite_images\510003230.jpg
2915200210,satellite_images\2915200210.jpg
293000068,satellite_images\293000068.jpg
9839300285,satellite_images\9839300285.jpg
3578401330,satellite_images\3578401330.jpg
3758900220,satellite_images\3758900220.jpg
8946750140,satellite_images\8946750140.jpg
1337300145,satellite_images\1337300145.jpg
1523069197,satellite_images\1523069197.jpg
259600280,satellite_images\259600280.jpg
686200740,satellite_images\686200740.jpg
2326059099,satellite_images\2326059099.jpg
1139000135,satellite_images\1139000135.jpg
7955060010,satellite_images\7955060010.jpg
7604410030,satellite_images\7604410030.jpg
7772850060,satellite_images\7772850060.jpg
7017200055,satellite_images\7017200055.jpg
809003160,satellite_images\809003160.jpg
2600130020,satellite_images\2600130020.jpg
1314300046,satellite_images\1314300046.jpg
2473100450,satellite_images\2473100450.jpg
5045700470,satellite_images\5045700470.jpg
1250203335,satellite_images\1250203335.jpg
7853240560,satellite_images\7853240560.jpg
3332000195,satellite_images\3332000195.jpg
9349900105,satellite_images\9349900105.jpg
4139400630,satellite_images\4139400630.jpg
7234601142,satellite_images\7234601142.jpg
1890000166,satellite_images\1890000166.jpg
5021900265,satellite_images\5021900265.jpg
7550800945,satellite_images\7550800945.jpg
7997200130,satellite_images\7997200130.jpg
8100000110,satellite_images\8100000110.jpg
7856700920,satellite_images\7856700920.jpg
2407900200,satellite_images\2407900200.jpg
193300120,satellite_images\193300120.jpg
2972300060,satellite_images\2972300060.jpg
7135520260,satellite_images\7135520260.jpg
9353300600,satellite_images\9353300600.jpg
7853302190,satellite_images\7853302190.jpg
1180000625,satellite_images\1180000625.jpg
2625059301,satellite_images\2625059301.jpg
2249800080,satellite_images\2249800080.jpg
1823069046,satellite_images\1823069046.jpg
8073000480,satellite_images\8073000480.jpg
7895500070,satellite_images\7895500070.jpg
809000945,satellite_images\809000945.jpg
1559900200,satellite_images\1559900200.jpg
7852020760,satellite_images\7852020760.jpg
808300470,satellite_images\808300470.jpg
4114601580,satellite_images\4114601580.jpg
2131200766,satellite_images\2131200766.jpg
8651611130,satellite_images\8651611130.jpg
1965200010,satellite_images\1965200010.jpg
7205400180,satellite_images\7205400180.jpg
8682261190,satellite_images\8682261190.jpg
2652500126,satellite_images\2652500126.jpg
7105600085,satellite_images\7105600085.jpg
7116000225,satellite_images\7116000225.jpg
3395071580,satellite_images\3395071580.jpg
2553300030,satellite_images\2553300030.jpg
3825310540,satellite_images\3825310540.jpg
4031700210,satellite_images\4031700210.jpg
1420700030,satellite_images\1420700030.jpg
5332200530,satellite_images\5332200530.jpg
1077100020,satellite_images\1077100020.jpg
7771300035,satellite_images\7771300035.jpg
8960200630,satellite_images\8960200630.jpg
259600410,satellite_images\259600410.jpg
5152700120,satellite_images\5152700120.jpg
8857640860,satellite_images\8857640860.jpg
7852000500,satellite_images\7852000500.jpg
3905090130,satellite_images\3905090130.jpg
9266700190,satellite_images\9266700190.jpg
8559300020,satellite_images\8559300020.jpg
8665900070,satellite_images\8665900070.jpg
4330600350,satellite_images\4330600350.jpg
1843100540,satellite_images\1843100540.jpg
993000308,satellite_images\993000308.jpg
2222059099,satellite_images\2222059099.jpg
1774230300,satellite_images\1774230300.jpg
1623069023,satellite_images\1623069023.jpg
7579200715,satellite_images\7579200715.jpg
5710610790,satellite_images\5710610790.jpg
424069010,satellite_images\424069010.jpg
1422300030,satellite_images\1422300030.jpg
3832061060,satellite_images\3832061060.jpg
2025701190,satellite_images\2025701190.jpg
5126310400,satellite_images\5126310400.jpg
9324800455,satellite_images\9324800455.jpg
2201500680,satellite_images\2201500680.jpg
3025059136,satellite_images\3025059136.jpg
5104511590,satellite_images\5104511590.jpg
2780910100,satellite_images\2780910100.jpg
8653600100,satellite_images\8653600100.jpg
4310702876,satellite_images\4310702876.jpg
7853420100,satellite_images\7853420100.jpg
3353400840,satellite_images\3353400840.jpg
7922710320,satellite_images\7922710320.jpg
8651442510,satellite_images\8651442510.jpg
3432500200,satellite_images\3432500200.jpg
8651611230,satellite_images\8651611230.jpg
251300260,satellite_images\251300260.jpg
3558000170,satellite_images\3558000170.jpg
8805900570,satellite_images\8805900570.jpg
826069046,satellite_images\826069046.jpg
6852700097,satellite_images\6852700097.jpg
3881900445,satellite_images\3881900445.jpg
2781240040,satellite_images\2781240040.jpg
2568300045,satellite_images\2568300045.jpg
2767704251,satellite_images\2767704251.jpg
8126300610,satellite_images\8126300610.jpg
1130000005,satellite_images\1130000005.jpg
2624089022,satellite_images\2624089022.jpg
4036800770,satellite_images\4036800770.jpg
2558660290,satellite_images\2558660290.jpg
114101540,satellite_images\114101540.jpg
8856920070,satellite_images\8856920070.jpg
9264910300,satellite_images\9264910300.jpg
1136100072,satellite_images\1136100072.jpg
2124089028,satellite_images\2124089028.jpg
9828202030,satellite_images\9828202030.jpg
3885807255,satellite_images\3885807255.jpg
624111000,satellite_images\624111000.jpg
9547205380,satellite_images\9547205380.jpg
1562200380,satellite_images\1562200380.jpg
5100402668,satellite_images\5100402668.jpg
7461420210,satellite_images\7461420210.jpg
1432900150,satellite_images\1432900150.jpg
3359500096,satellite_images\3359500096.jpg
1651800010,satellite_images\1651800010.jpg
9432750070,satellite_images\9432750070.jpg
1062100116,satellite_images\1062100116.jpg
868001435,satellite_images\868001435.jpg
255550190,satellite_images\255550190.jpg
5490220030,satellite_images\5490220030.jpg
2909700070,satellite_images\2909700070.jpg
1453602309,satellite_images\1453602309.jpg
3629700080,satellite_images\3629700080.jpg
6046401105,satellite_images\6046401105.jpg
7211402105,satellite_images\7211402105.jpg
4053200285,satellite_images\4053200285.jpg
9478550430,satellite_images\9478550430.jpg
7806210380,satellite_images\7806210380.jpg
6380500135,satellite_images\6380500135.jpg
284000223,satellite_images\284000223.jpg
9187200228,satellite_images\9187200228.jpg
98020300,satellite_images\98020300.jpg
2474400250,satellite_images\2474400250.jpg
3326059191,satellite_images\3326059191.jpg
305500140,satellite_images\305500140.jpg
6654700250,satellite_images\6654700250.jpg
1150000200,satellite_images\1150000200.jpg
2597501190,satellite_images\2597501190.jpg
8860310120,satellite_images\8860310120.jpg
1250202285,satellite_images\1250202285.jpg
8562770250,satellite_images\8562770250.jpg
2115510470,satellite_images\2115510470.jpg
2141200030,satellite_images\2141200030.jpg
7986400305,satellite_images\7986400305.jpg
8682280270,satellite_images\8682280270.jpg
1565900390,satellite_images\1565900390.jpg
1842900030,satellite_images\1842900030.jpg
8691440100,satellite_images\8691440100.jpg
179000100,satellite_images\179000100.jpg
1338300555,satellite_images\1338300555.jpg
3797002160,satellite_images\3797002160.jpg
2172000894,satellite_images\2172000894.jpg
5561301220,satellite_images\5561301220.jpg
3278600710,satellite_images\3278600710.jpg
1472800220,satellite_images\1472800220.jpg
1270000040,satellite_images\1270000040.jpg
2472920680,satellite_images\2472920680.jpg
1518000080,satellite_images\1518000080.jpg
823059145,satellite_images\823059145.jpg
2397101606,satellite_images\2397101606.jpg
5027800190,satellite_images\5027800190.jpg
4083306345,satellite_images\4083306345.jpg
1626069253,satellite_images\1626069253.jpg
8835220090,satellite_images\8835220090.jpg
6116500075,satellite_images\6116500075.jpg
9828200187,satellite_images\9828200187.jpg
7875200005,satellite_images\7875200005.jpg
3362400125,satellite_images\3362400125.jpg
4027700853,satellite_images\4027700853.jpg
5422570760,satellite_images\5422570760.jpg
42000130,satellite_images\42000130.jpg
8832900120,satellite_images\8832900120.jpg
8563010300,satellite_images\8563010300.jpg
7149400450,satellite_images\7149400450.jpg
9238450210,satellite_images\9238450210.jpg
1338600175,satellite_images\1338600175.jpg
4053200926,satellite_images\4053200926.jpg
5710500010,satellite_images\5710500010.jpg
2025079033,satellite_images\2025079033.jpg
2547200190,satellite_images\2547200190.jpg
3241600015,satellite_images\3241600015.jpg
1239400650,satellite_images\1239400650.jpg
5419801120,satellite_images\5419801120.jpg
1118000320,satellite_images\1118000320.jpg
6802210450,satellite_images\6802210450.jpg
5458300685,satellite_images\5458300685.jpg
2301400276,satellite_images\2301400276.jpg
8035650500,satellite_images\8035650500.jpg
4094800120,satellite_images\4094800120.jpg
7236100015,satellite_images\7236100015.jpg
5557320030,satellite_images\5557320030.jpg
1402660150,satellite_images\1402660150.jpg
2301400325,satellite_images\2301400325.jpg
6150200005,satellite_images\6150200005.jpg
4232902595,satellite_images\4232902595.jpg
3782760080,satellite_images\3782760080.jpg
1836980160,satellite_images\1836980160.jpg
9221400335,satellite_images\9221400335.jpg
6669020490,satellite_images\6669020490.jpg
2025079045,satellite_images\2025079045.jpg
1525069058,satellite_images\1525069058.jpg
5379802181,satellite_images\5379802181.jpg
7207900080,satellite_images\7207900080.jpg
3544400236,satellite_images\3544400236.jpg
8682300890,satellite_images\8682300890.jpg
952000055,satellite_images\952000055.jpg
1423200110,satellite_images\1423200110.jpg
1922000070,satellite_images\1922000070.jpg
3423059140,satellite_images\3423059140.jpg
8039900180,satellite_images\8039900180.jpg
7394400080,satellite_images\7394400080.jpg
7853320950,satellite_images\7853320950.jpg
8964800330,satellite_images\8964800330.jpg
104560010,satellite_images\104560010.jpg
7789000260,satellite_images\7789000260.jpg
5009600010,satellite_images\5009600010.jpg
1926069143,satellite_images\1926069143.jpg
7950304065,satellite_images\7950304065.jpg
824059277,satellite_images\824059277.jpg
3820100284,satellite_images\3820100284.jpg
461003251,satellite_images\461003251.jpg
586000020,satellite_images\586000020.jpg
7696610240,satellite_images\7696610240.jpg
8106300840,satellite_images\8106300840.jpg
7732410420,satellite_images\7732410420.jpg
9547202380,satellite_images\9547202380.jpg
1099900030,satellite_images\1099900030.jpg
269001360,satellite_images\269001360.jpg
3782760280,satellite_images\3782760280.jpg
7443000640,satellite_images\7443000640.jpg
1328330590,satellite_images\1328330590.jpg
6411600069,satellite_images\6411600069.jpg
6918730130,satellite_images\6918730130.jpg
5561301150,satellite_images\5561301150.jpg
1656600280,satellite_images\1656600280.jpg
7430500110,satellite_images\7430500110.jpg
8682301910,satellite_images\8682301910.jpg
8129700644,satellite_images\8129700644.jpg
203900920,satellite_images\203900920.jpg
1525059112,satellite_images\1525059112.jpg
9485750110,satellite_images\9485750110.jpg
7904700128,satellite_images\7904700128.jpg
3224079105,satellite_images\3224079105.jpg
3391500050,satellite_images\3391500050.jpg
8651511250,satellite_images\8651511250.jpg
2525300200,satellite_images\2525300200.jpg
9524100207,satellite_images\9524100207.jpg
1825069072,satellite_images\1825069072.jpg
2624049091,satellite_images\2624049091.jpg
2695600070,satellite_images\2695600070.jpg
1741700040,satellite_images\1741700040.jpg
5649300120,satellite_images\5649300120.jpg
6400700389,satellite_images\6400700389.jpg
2346200050,satellite_images\2346200050.jpg
1843130360,satellite_images\1843130360.jpg
1796370180,satellite_images\1796370180.jpg
1785400770,satellite_images\1785400770.jpg
7229800430,satellite_images\7229800430.jpg
8651441520,satellite_images\8651441520.jpg
1400700150,satellite_images\1400700150.jpg
4399200100,satellite_images\4399200100.jpg
537000325,satellite_images\537000325.jpg
9828202545,satellite_images\9828202545.jpg
2141310490,satellite_images\2141310490.jpg
1604601803,satellite_images\1604601803.jpg
3205400150,satellite_images\3205400150.jpg
1941400080,satellite_images\1941400080.jpg
1952200410,satellite_images\1952200410.jpg
3881900317,satellite_images\3881900317.jpg
1997200060,satellite_images\1997200060.jpg
3226049270,satellite_images\3226049270.jpg
7206900075,satellite_images\7206900075.jpg
5409800140,satellite_images\5409800140.jpg
4140500180,satellite_images\4140500180.jpg
1545808960,satellite_images\1545808960.jpg
6672500040,satellite_images\6672500040.jpg
1822059382,satellite_images\1822059382.jpg
8682291680,satellite_images\8682291680.jpg
7888300340,satellite_images\7888300340.jpg
9512200420,satellite_images\9512200420.jpg
8165501620,satellite_images\8165501620.jpg
9550200155,satellite_images\9550200155.jpg
3188100400,satellite_images\3188100400.jpg
7227501645,satellite_images\7227501645.jpg
1425069071,satellite_images\1425069071.jpg
6821102340,satellite_images\6821102340.jpg
2591700037,satellite_images\2591700037.jpg
4139440460,satellite_images\4139440460.jpg
3396830020,satellite_images\3396830020.jpg
3668000810,satellite_images\3668000810.jpg
8016250140,satellite_images\8016250140.jpg
1200019,satellite_images\1200019.jpg
2123049502,satellite_images\2123049502.jpg
9476200545,satellite_images\9476200545.jpg
982850120,satellite_images\982850120.jpg
8581400015,satellite_images\8581400015.jpg
5605000590,satellite_images\5605000590.jpg
3260000120,satellite_images\3260000120.jpg
925059288,satellite_images\925059288.jpg
1736100090,satellite_images\1736100090.jpg
7454000605,satellite_images\7454000605.jpg
5706201140,satellite_images\5706201140.jpg
1048000160,satellite_images\1048000160.jpg
424069271,satellite_images\424069271.jpg
7515000035,satellite_images\7515000035.jpg
3578600045,satellite_images\3578600045.jpg
7230200310,satellite_images\7230200310.jpg
5127001320,satellite_images\5127001320.jpg
1551500130,satellite_images\1551500130.jpg
7923300230,satellite_images\7923300230.jpg
6817801030,satellite_images\6817801030.jpg
3276930400,satellite_images\3276930400.jpg
2619920170,satellite_images\2619920170.jpg
7116500125,satellite_images\7116500125.jpg
3999300290,satellite_images\3999300290.jpg
3992700130,satellite_images\3992700130.jpg
6699940250,satellite_images\6699940250.jpg
3815500035,satellite_images\3815500035.jpg
9550204620,satellite_images\9550204620.jpg
6056111430,satellite_images\6056111430.jpg
5557800010,satellite_images\5557800010.jpg
3629990280,satellite_images\3629990280.jpg
2891000450,satellite_images\2891000450.jpg
2303900100,satellite_images\2303900100.jpg
2114700615,satellite_images\2114700615.jpg
3574801720,satellite_images\3574801720.jpg
1337800045,satellite_images\1337800045.jpg
5153200651,satellite_images\5153200651.jpg
3629920630,satellite_images\3629920630.jpg
7254200040,satellite_images\7254200040.jpg
4406000560,satellite_images\4406000560.jpg
8691310380,satellite_images\8691310380.jpg
4364700945,satellite_images\4364700945.jpg
8562790710,satellite_images\8562790710.jpg
4397010350,satellite_images\4397010350.jpg
7010700660,satellite_images\7010700660.jpg
8835200800,satellite_images\8835200800.jpg
3213200245,satellite_images\3213200245.jpg
526059224,satellite_images\526059224.jpg
8150600250,satellite_images\8150600250.jpg
8651600110,satellite_images\8651600110.jpg
1762600090,satellite_images\1762600090.jpg
3288200360,satellite_images\3288200360.jpg
2023049218,satellite_images\2023049218.jpg
6121000110,satellite_images\6121000110.jpg
1959701800,satellite_images\1959701800.jpg
4232902335,satellite_images\4232902335.jpg
7796600070,satellite_images\7796600070.jpg
745530240,satellite_images\745530240.jpg
9292000380,satellite_images\9292000380.jpg
1125049140,satellite_images\1125049140.jpg
2122059014,satellite_images\2122059014.jpg
3822200164,satellite_images\3822200164.jpg
1657530450,satellite_images\1657530450.jpg
3629970090,satellite_images\3629970090.jpg
7518505990,satellite_images\7518505990.jpg
4204400098,satellite_images\4204400098.jpg
5100401441,satellite_images\5100401441.jpg
7234601541,satellite_images\7234601541.jpg
8927600070,satellite_images\8927600070.jpg
1972200553,satellite_images\1972200553.jpg
4037000470,satellite_images\4037000470.jpg
5561300980,satellite_images\5561300980.jpg
3342104046,satellite_images\3342104046.jpg
3578401700,satellite_images\3578401700.jpg
3342700491,satellite_images\3342700491.jpg
2341300115,satellite_images\2341300115.jpg
5317100325,satellite_images\5317100325.jpg
5651010320,satellite_images\5651010320.jpg
9187200095,satellite_images\9187200095.jpg
623049094,satellite_images\623049094.jpg
2597000130,satellite_images\2597000130.jpg
6400700220,satellite_images\6400700220.jpg
7968460270,satellite_images\7968460270.jpg
993002127,satellite_images\993002127.jpg
5255690160,satellite_images\5255690160.jpg
2143700830,satellite_images\2143700830.jpg
985001015,satellite_images\985001015.jpg
3026059011,satellite_images\3026059011.jpg
4139900180,satellite_images\4139900180.jpg
3421069044,satellite_images\3421069044.jpg
3904902630,satellite_images\3904902630.jpg
2600130190,satellite_images\2600130190.jpg
3126049415,satellite_images\3126049415.jpg
2521059042,satellite_images\2521059042.jpg
2487200940,satellite_images\2487200940.jpg
9144300110,satellite_images\9144300110.jpg
3530200160,satellite_images\3530200160.jpg
2929600035,satellite_images\2929600035.jpg
2607760190,satellite_images\2607760190.jpg
1085623350,satellite_images\1085623350.jpg
3834000805,satellite_images\3834000805.jpg
5423030380,satellite_images\5423030380.jpg
7283900012,satellite_images\7283900012.jpg
3845101100,satellite_images\3845101100.jpg
126059005,satellite_images\126059005.jpg
9211000110,satellite_images\9211000110.jpg
452002135,satellite_images\452002135.jpg
4365700450,satellite_images\4365700450.jpg
4338800170,satellite_images\4338800170.jpg
7611200086,satellite_images\7611200086.jpg
2113700060,satellite_images\2113700060.jpg
3558900430,satellite_images\3558900430.jpg
2214800630,satellite_images\2214800630.jpg
7302000500,satellite_images\7302000500.jpg
5255300150,satellite_images\5255300150.jpg
312000295,satellite_images\312000295.jpg
1568100087,satellite_images\1568100087.jpg
5469502660,satellite_images\5469502660.jpg
8078490390,satellite_images\8078490390.jpg
629000615,satellite_images\629000615.jpg
1928300640,satellite_images\1928300640.jpg
3438500486,satellite_images\3438500486.jpg
7752000090,satellite_images\7752000090.jpg
7468900245,satellite_images\7468900245.jpg
3342103174,satellite_images\3342103174.jpg
2159900060,satellite_images\2159900060.jpg
1443500905,satellite_images\1443500905.jpg
6891100590,satellite_images\6891100590.jpg
3578700073,satellite_images\3578700073.jpg
984210590,satellite_images\984210590.jpg
324069112,satellite_images\324069112.jpg
952001660,satellite_images\952001660.jpg
8691300500,satellite_images\8691300500.jpg
1189000025,satellite_images\1189000025.jpg
5126950340,satellite_images\5126950340.jpg
6885900415,satellite_images\6885900415.jpg
3330500705,satellite_images\3330500705.jpg
4307351180,satellite_images\4307351180.jpg
8092500150,satellite_images\8092500150.jpg
1682000280,satellite_images\1682000280.jpg
6163900301,satellite_images\6163900301.jpg
2771102144,satellite_images\2771102144.jpg
7852010290,satellite_images\7852010290.jpg
3904980320,satellite_images\3904980320.jpg
9253900210,satellite_images\9253900210.jpg
3574750150,satellite_images\3574750150.jpg
722059020,satellite_images\722059020.jpg
3782100145,satellite_images\3782100145.jpg
349400100,satellite_images\349400100.jpg
8562780190,satellite_images\8562780190.jpg
3583300135,satellite_images\3583300135.jpg
3885802970,satellite_images\3885802970.jpg
5379803372,satellite_images\5379803372.jpg
4406000620,satellite_images\4406000620.jpg
8946400100,satellite_images\8946400100.jpg
795000405,satellite_images\795000405.jpg
1088650310,satellite_images\1088650310.jpg
8910500150,satellite_images\8910500150.jpg
3760500730,satellite_images\3760500730.jpg
191100045,satellite_images\191100045.jpg
2787320620,satellite_images\2787320620.jpg
7202330920,satellite_images\7202330920.jpg
6021503706,satellite_images\6021503706.jpg
3876000120,satellite_images\3876000120.jpg
339600090,satellite_images\339600090.jpg
7518501822,satellite_images\7518501822.jpg
1788800630,satellite_images\1788800630.jpg
6437400101,satellite_images\6437400101.jpg
2770604365,satellite_images\2770604365.jpg
323059146,satellite_images\323059146.jpg
6804600240,satellite_images\6804600240.jpg
7846700310,satellite_images\7846700310.jpg
4217401365,satellite_images\4217401365.jpg
3904910480,satellite_images\3904910480.jpg
9320870040,satellite_images\9320870040.jpg
9523100712,satellite_images\9523100712.jpg
8798000100,satellite_images\8798000100.jpg
104530240,satellite_images\104530240.jpg
985000833,satellite_images\985000833.jpg
1139000069,satellite_images\1139000069.jpg
8081900011,satellite_images\8081900011.jpg
1895450200,satellite_images\1895450200.jpg
6072760390,satellite_images\6072760390.jpg
7202430060,satellite_images\7202430060.jpg
4139420190,satellite_images\4139420190.jpg
1454100005,satellite_images\1454100005.jpg
1861400060,satellite_images\1861400060.jpg
6329000070,satellite_images\6329000070.jpg
7202330160,satellite_images\7202330160.jpg
6163901033,satellite_images\6163901033.jpg
66000140,satellite_images\66000140.jpg
6661200320,satellite_images\6661200320.jpg
8081020380,satellite_images\8081020380.jpg
9264921030,satellite_images\9264921030.jpg
8965500900,satellite_images\8965500900.jpg
2331540070,satellite_images\2331540070.jpg
5466350160,satellite_images\5466350160.jpg
5437600010,satellite_images\5437600010.jpg
6021501320,satellite_images\6021501320.jpg
7582700100,satellite_images\7582700100.jpg
1555200590,satellite_images\1555200590.jpg
1778350160,satellite_images\1778350160.jpg
7856410430,satellite_images\7856410430.jpg
6908200250,satellite_images\6908200250.jpg
4024100982,satellite_images\4024100982.jpg
3904921070,satellite_images\3904921070.jpg
8730000210,satellite_images\8730000210.jpg
1760650900,satellite_images\1760650900.jpg
627300190,satellite_images\627300190.jpg
461004730,satellite_images\461004730.jpg
1121039059,satellite_images\1121039059.jpg
1160000300,satellite_images\1160000300.jpg
952006827,satellite_images\952006827.jpg
148000450,satellite_images\148000450.jpg
7548300751,satellite_images\7548300751.jpg
3654200037,satellite_images\3654200037.jpg
2008200060,satellite_images\2008200060.jpg
7443000514,satellite_images\7443000514.jpg
4123840310,satellite_images\4123840310.jpg
3834000594,satellite_images\3834000594.jpg
2473101070,satellite_images\2473101070.jpg
1250200495,satellite_images\1250200495.jpg
3814900750,satellite_images\3814900750.jpg
323059167,satellite_images\323059167.jpg
2540700110,satellite_images\2540700110.jpg
9406550060,satellite_images\9406550060.jpg
4039300810,satellite_images\4039300810.jpg
3720800115,satellite_images\3720800115.jpg
9195700040,satellite_images\9195700040.jpg
7905200310,satellite_images\7905200310.jpg
5051800130,satellite_images\5051800130.jpg
477000019,satellite_images\477000019.jpg
5029451230,satellite_images\5029451230.jpg
9477500060,satellite_images\9477500060.jpg
1370803835,satellite_images\1370803835.jpg
9126101090,satellite_images\9126101090.jpg
8005100540,satellite_images\8005100540.jpg
254000735,satellite_images\254000735.jpg
5104510860,satellite_images\5104510860.jpg
8133300050,satellite_images\8133300050.jpg
8635700025,satellite_images\8635700025.jpg
98000150,satellite_images\98000150.jpg
623059016,satellite_images\623059016.jpg
686550040,satellite_images\686550040.jpg
8562780110,satellite_images\8562780110.jpg
9415950020,satellite_images\9415950020.jpg
3629930170,satellite_images\3629930170.jpg
2064800880,satellite_images\2064800880.jpg
1926069063,satellite_images\1926069063.jpg
5111400081,satellite_images\5111400081.jpg
2025049203,satellite_images\2025049203.jpg
925059311,satellite_images\925059311.jpg
5560000070,satellite_images\5560000070.jpg
5608000080,satellite_images\5608000080.jpg
1523069095,satellite_images\1523069095.jpg
7147800015,satellite_images\7147800015.jpg
7129303070,satellite_images\7129303070.jpg
1245001220,satellite_images\1245001220.jpg
9528101214,satellite_images\9528101214.jpg
9301301145,satellite_images\9301301145.jpg
8945100050,satellite_images\8945100050.jpg
5101402435,satellite_images\5101402435.jpg
2776600002,satellite_images\2776600002.jpg
7504020610,satellite_images\7504020610.jpg
8141310030,satellite_images\8141310030.jpg
6071600270,satellite_images\6071600270.jpg
1237500720,satellite_images\1237500720.jpg
567000382,satellite_images\567000382.jpg
1024069037,satellite_images\1024069037.jpg
1150000040,satellite_images\1150000040.jpg
4128500380,satellite_images\4128500380.jpg
2770605065,satellite_images\2770605065.jpg
393000045,satellite_images\393000045.jpg
1440500020,satellite_images\1440500020.jpg
240000031,satellite_images\240000031.jpg
1823069213,satellite_images\1823069213.jpg
7955030060,satellite_images\7955030060.jpg
3037200060,satellite_images\3037200060.jpg
3751601785,satellite_images\3751601785.jpg
3905090230,satellite_images\3905090230.jpg
1814800060,satellite_images\1814800060.jpg
1704900180,satellite_images\1704900180.jpg
1175001125,satellite_images\1175001125.jpg
207700180,satellite_images\207700180.jpg
723099044,satellite_images\723099044.jpg
4028900048,satellite_images\4028900048.jpg
2822100175,satellite_images\2822100175.jpg
2690600005,satellite_images\2690600005.jpg
192450180,satellite_images\192450180.jpg
8096800260,satellite_images\8096800260.jpg
2163300130,satellite_images\2163300130.jpg
1041440360,satellite_images\1041440360.jpg
9346900170,satellite_images\9346900170.jpg
1325059083,satellite_images\1325059083.jpg
7708200670,satellite_images\7708200670.jpg
2312400230,satellite_images\2312400230.jpg
8067000020,satellite_images\8067000020.jpg
6802210330,satellite_images\6802210330.jpg
5126300960,satellite_images\5126300960.jpg
8691390530,satellite_images\8691390530.jpg
34001304,satellite_images\34001304.jpg
8078400020,satellite_images\8078400020.jpg
7452500285,satellite_images\7452500285.jpg
3185600040,satellite_images\3185600040.jpg
6402700100,satellite_images\6402700100.jpg
293800680,satellite_images\293800680.jpg
4442800012,satellite_images\4442800012.jpg
8078570460,satellite_images\8078570460.jpg
325059131,satellite_images\325059131.jpg
1235700042,satellite_images\1235700042.jpg
3762900020,satellite_images\3762900020.jpg
7399200240,satellite_images\7399200240.jpg
1924079090,satellite_images\1924079090.jpg
3630130010,satellite_images\3630130010.jpg
8679400130,satellite_images\8679400130.jpg
871001105,satellite_images\871001105.jpg
1545800730,satellite_images\1545800730.jpg
7853280610,satellite_images\7853280610.jpg
1862400518,satellite_images\1862400518.jpg
4012800010,satellite_images\4012800010.jpg
1562100340,satellite_images\1562100340.jpg
1442880160,satellite_images\1442880160.jpg
3356403820,satellite_images\3356403820.jpg
5028600360,satellite_images\5028600360.jpg
9808700762,satellite_images\9808700762.jpg
5608000010,satellite_images\5608000010.jpg
2738640470,satellite_images\2738640470.jpg
8029770190,satellite_images\8029770190.jpg
2154500060,satellite_images\2154500060.jpg
4322300140,satellite_images\4322300140.jpg
1657300270,satellite_images\1657300270.jpg
2887703066,satellite_images\2887703066.jpg
1692900110,satellite_images\1692900110.jpg
3276940100,satellite_images\3276940100.jpg
3925000020,satellite_images\3925000020.jpg
5141000720,satellite_images\5141000720.jpg
223039254,satellite_images\223039254.jpg
6141600179,satellite_images\6141600179.jpg
8562901910,satellite_images\8562901910.jpg
6793300220,satellite_images\6793300220.jpg
7461400360,satellite_images\7461400360.jpg
6179900090,satellite_images\6179900090.jpg
2407000110,satellite_images\2407000110.jpg
6204410330,satellite_images\6204410330.jpg
5101400561,satellite_images\5101400561.jpg
1137610140,satellite_images\1137610140.jpg
1725079061,satellite_images\1725079061.jpg
1102000270,satellite_images\1102000270.jpg
2249500367,satellite_images\2249500367.jpg
6661200050,satellite_images\6661200050.jpg
6817801040,satellite_images\6817801040.jpg
8029510030,satellite_images\8029510030.jpg
3751601877,satellite_images\3751601877.jpg
7625703357,satellite_images\7625703357.jpg
8731900200,satellite_images\8731900200.jpg
2771604120,satellite_images\2771604120.jpg
2264500350,satellite_images\2264500350.jpg
5381600110,satellite_images\5381600110.jpg
9407110710,satellite_images\9407110710.jpg
6632900340,satellite_images\6632900340.jpg
1558500050,satellite_images\1558500050.jpg
421000185,satellite_images\421000185.jpg
6918700320,satellite_images\6918700320.jpg
2537500140,satellite_images\2537500140.jpg
1773600264,satellite_images\1773600264.jpg
1566100450,satellite_images\1566100450.jpg
9828702265,satellite_images\9828702265.jpg
6071200545,satellite_images\6071200545.jpg
538000450,satellite_images\538000450.jpg
7708200180,satellite_images\7708200180.jpg
7942601435,satellite_images\7942601435.jpg
3856905010,satellite_images\3856905010.jpg
7504400620,satellite_images\7504400620.jpg
3867400175,satellite_images\3867400175.jpg
1109000040,satellite_images\1109000040.jpg
9185700285,satellite_images\9185700285.jpg
3423049209,satellite_images\3423049209.jpg
5700001895,satellite_images\5700001895.jpg
9523103590,satellite_images\9523103590.jpg
251300110,satellite_images\251300110.jpg
6669200200,satellite_images\6669200200.jpg
9540100060,satellite_images\9540100060.jpg
7420200050,satellite_images\7420200050.jpg
2426049168,satellite_images\2426049168.jpg
3754700420,satellite_images\3754700420.jpg
5379800500,satellite_images\5379800500.jpg
1328310440,satellite_images\1328310440.jpg
2923039217,satellite_images\2923039217.jpg
455000841,satellite_images\455000841.jpg
984220240,satellite_images\984220240.jpg
6917700665,satellite_images\6917700665.jpg
7174800094,satellite_images\7174800094.jpg
8825900020,satellite_images\8825900020.jpg
7657000165,satellite_images\7657000165.jpg
3754700160,satellite_images\3754700160.jpg
4122900190,satellite_images\4122900190.jpg
1370804115,satellite_images\1370804115.jpg
7936500221,satellite_images\7936500221.jpg
2310030490,satellite_images\2310030490.jpg
597000195,satellite_images\597000195.jpg
7230400400,satellite_images\7230400400.jpg
2770604346,satellite_images\2770604346.jpg
6073300790,satellite_images\6073300790.jpg
4123400310,satellite_images\4123400310.jpg
128500260,satellite_images\128500260.jpg
1959701890,satellite_images\1959701890.jpg
2557000090,satellite_images\2557000090.jpg
8078450340,satellite_images\8078450340.jpg
1085623640,satellite_images\1085623640.jpg
6888900060,satellite_images\6888900060.jpg
6669080010,satellite_images\6669080010.jpg
5540800100,satellite_images\5540800100.jpg
104540840,satellite_images\104540840.jpg
9269260420,satellite_images\9269260420.jpg
7893206305,satellite_images\7893206305.jpg
5347200060,satellite_images\5347200060.jpg
1223039290,satellite_images\1223039290.jpg
2867300030,satellite_images\2867300030.jpg
730000085,satellite_images\730000085.jpg
3123039082,satellite_images\3123039082.jpg
3438501329,satellite_images\3438501329.jpg
1545806720,satellite_images\1545806720.jpg
1138000070,satellite_images\1138000070.jpg
9126100550,satellite_images\9126100550.jpg
9358001590,satellite_images\9358001590.jpg
1099760470,satellite_images\1099760470.jpg
6908200650,satellite_images\6908200650.jpg
9144100007,satellite_images\9144100007.jpg
4365200186,satellite_images\4365200186.jpg
5104520620,satellite_images\5104520620.jpg
103000116,satellite_images\103000116.jpg
2652500210,satellite_images\2652500210.jpg
395800370,satellite_images\395800370.jpg
4058801325,satellite_images\4058801325.jpg
9353300140,satellite_images\9353300140.jpg
1245500691,satellite_images\1245500691.jpg
847100046,satellite_images\847100046.jpg
6332940020,satellite_images\6332940020.jpg
1568100386,satellite_images\1568100386.jpg
8691350130,satellite_images\8691350130.jpg
6798100610,satellite_images\6798100610.jpg
2268400350,satellite_images\2268400350.jpg
8024200684,satellite_images\8024200684.jpg
6147600040,satellite_images\6147600040.jpg
2896610210,satellite_images\2896610210.jpg
3211000930,satellite_images\3211000930.jpg
3759500006,satellite_images\3759500006.jpg
2581900165,satellite_images\2581900165.jpg
1446404015,satellite_images\1446404015.jpg
5710610670,satellite_images\5710610670.jpg
2161400060,satellite_images\2161400060.jpg
1449000260,satellite_images\1449000260.jpg
7853440050,satellite_images\7853440050.jpg
2768301482,satellite_images\2768301482.jpg
7893207665,satellite_images\7893207665.jpg
8651410190,satellite_images\8651410190.jpg
726059344,satellite_images\726059344.jpg
9150100020,satellite_images\9150100020.jpg
6371500040,satellite_images\6371500040.jpg
9264030040,satellite_images\9264030040.jpg
34000005,satellite_images\34000005.jpg
1624059219,satellite_images\1624059219.jpg
3578400910,satellite_images\3578400910.jpg
3975400045,satellite_images\3975400045.jpg
1079450410,satellite_images\1079450410.jpg
1245003220,satellite_images\1245003220.jpg
476000338,satellite_images\476000338.jpg
1843200240,satellite_images\1843200240.jpg
2391602500,satellite_images\2391602500.jpg
6058600220,satellite_images\6058600220.jpg
5249800345,satellite_images\5249800345.jpg
3265300410,satellite_images\3265300410.jpg
9459200120,satellite_images\9459200120.jpg
455000395,satellite_images\455000395.jpg
7852180650,satellite_images\7852180650.jpg
1311200120,satellite_images\1311200120.jpg
2810100040,satellite_images\2810100040.jpg
705000120,satellite_images\705000120.jpg
2402100715,satellite_images\2402100715.jpg
424069275,satellite_images\424069275.jpg
1332200130,satellite_images\1332200130.jpg
1788800770,satellite_images\1788800770.jpg
2826049117,satellite_images\2826049117.jpg
1722059235,satellite_images\1722059235.jpg
1683800120,satellite_images\1683800120.jpg
3343901242,satellite_images\3343901242.jpg
322069010,satellite_images\322069010.jpg
3448000344,satellite_images\3448000344.jpg
2621730220,satellite_images\2621730220.jpg
2120069003,satellite_images\2120069003.jpg
2248000080,satellite_images\2248000080.jpg
1778360150,satellite_images\1778360150.jpg
646910030,satellite_images\646910030.jpg
4222700130,satellite_images\4222700130.jpg
3319500922,satellite_images\3319500922.jpg
7199000290,satellite_images\7199000290.jpg
3459600330,satellite_images\3459600330.jpg
6884800210,satellite_images\6884800210.jpg
1423069077,satellite_images\1423069077.jpg
7857003465,satellite_images\7857003465.jpg
1463400047,satellite_images\1463400047.jpg
1922059396,satellite_images\1922059396.jpg
3461000120,satellite_images\3461000120.jpg
2817850290,satellite_images\2817850290.jpg
2921079027,satellite_images\2921079027.jpg
6447300365,satellite_images\6447300365.jpg
3955900220,satellite_images\3955900220.jpg
7399301050,satellite_images\7399301050.jpg
7853340610,satellite_images\7853340610.jpg
930000425,satellite_images\930000425.jpg
1604600540,satellite_images\1604600540.jpg
7852120030,satellite_images\7852120030.jpg
5438000060,satellite_images\5438000060.jpg
9542000275,satellite_images\9542000275.jpg
7129800036,satellite_images\7129800036.jpg
222069082,satellite_images\222069082.jpg
9238440130,satellite_images\9238440130.jpg
1823039205,satellite_images\1823039205.jpg
3223049131,satellite_images\3223049131.jpg
1898600100,satellite_images\1898600100.jpg
2546500020,satellite_images\2546500020.jpg
255550150,satellite_images\255550150.jpg
3329520410,satellite_images\3329520410.jpg
8077100031,satellite_images\8077100031.jpg
723059073,satellite_images\723059073.jpg
1842300050,satellite_images\1842300050.jpg
7202260780,satellite_images\7202260780.jpg
5379805885,satellite_images\5379805885.jpg
7852040110,satellite_images\7852040110.jpg
7853302370,satellite_images\7853302370.jpg
2861100030,satellite_images\2861100030.jpg
7856640170,satellite_images\7856640170.jpg
5595900090,satellite_images\5595900090.jpg
1326049170,satellite_images\1326049170.jpg
1274500420,satellite_images\1274500420.jpg
1370803925,satellite_images\1370803925.jpg
4305200070,satellite_images\4305200070.jpg
8161020060,satellite_images\8161020060.jpg
1094000030,satellite_images\1094000030.jpg
2310100230,satellite_images\2310100230.jpg
9551201250,satellite_images\9551201250.jpg
3343301385,satellite_images\3343301385.jpg
824059211,satellite_images\824059211.jpg
3862710180,satellite_images\3862710180.jpg
1122059037,satellite_images\1122059037.jpg
2997800015,satellite_images\2997800015.jpg
1189000492,satellite_images\1189000492.jpg
8835900086,satellite_images\8835900086.jpg
3126049411,satellite_images\3126049411.jpg
100500020,satellite_images\100500020.jpg
1523089266,satellite_images\1523089266.jpg
3693901105,satellite_images\3693901105.jpg
4083306552,satellite_images\4083306552.jpg
2787700180,satellite_images\2787700180.jpg
2653000005,satellite_images\2653000005.jpg
1657310170,satellite_images\1657310170.jpg
2425700022,satellite_images\2425700022.jpg
6181400470,satellite_images\6181400470.jpg
2206500300,satellite_images\2206500300.jpg
7550800736,satellite_images\7550800736.jpg
9477001280,satellite_images\9477001280.jpg
6633900050,satellite_images\6633900050.jpg
8731981410,satellite_images\8731981410.jpg
5423600100,satellite_images\5423600100.jpg
8923600185,satellite_images\8923600185.jpg
4014400381,satellite_images\4014400381.jpg
7751800115,satellite_images\7751800115.jpg
3216900100,satellite_images\3216900100.jpg
8121100600,satellite_images\8121100600.jpg
104550580,satellite_images\104550580.jpg
5015001452,satellite_images\5015001452.jpg
3584900090,satellite_images\3584900090.jpg
3275910020,satellite_images\3275910020.jpg
7853340490,satellite_images\7853340490.jpg
2725069162,satellite_images\2725069162.jpg
5525400300,satellite_images\5525400300.jpg
3566800125,satellite_images\3566800125.jpg
8099900040,satellite_images\8099900040.jpg
6821600300,satellite_images\6821600300.jpg
9542830050,satellite_images\9542830050.jpg
5631500213,satellite_images\5631500213.jpg
255370570,satellite_images\255370570.jpg
2123049086,satellite_images\2123049086.jpg
9522600120,satellite_images\9522600120.jpg
2591730200,satellite_images\2591730200.jpg
4134300175,satellite_images\4134300175.jpg
7905370390,satellite_images\7905370390.jpg
844001052,satellite_images\844001052.jpg
2320069089,satellite_images\2320069089.jpg
7524950540,satellite_images\7524950540.jpg
1253200290,satellite_images\1253200290.jpg
629400340,satellite_images\629400340.jpg
8151600142,satellite_images\8151600142.jpg
2570300240,satellite_images\2570300240.jpg
3332000530,satellite_images\3332000530.jpg
3793500920,satellite_images\3793500920.jpg
625100004,satellite_images\625100004.jpg
9269750690,satellite_images\9269750690.jpg
5710610430,satellite_images\5710610430.jpg
3298700820,satellite_images\3298700820.jpg
3324069070,satellite_images\3324069070.jpg
9828701690,satellite_images\9828701690.jpg
5468730110,satellite_images\5468730110.jpg
5312100060,satellite_images\5312100060.jpg
6072800246,satellite_images\6072800246.jpg
8892900210,satellite_images\8892900210.jpg
8581200160,satellite_images\8581200160.jpg
291310270,satellite_images\291310270.jpg
2780400035,satellite_images\2780400035.jpg
1446401540,satellite_images\1446401540.jpg
5418500650,satellite_images\5418500650.jpg
9238510220,satellite_images\9238510220.jpg
3022079087,satellite_images\3022079087.jpg
9465910380,satellite_images\9465910380.jpg
9465910310,satellite_images\9465910310.jpg
5469500020,satellite_images\5469500020.jpg
3065600270,satellite_images\3065600270.jpg
2316800020,satellite_images\2316800020.jpg
8820900670,satellite_images\8820900670.jpg
3121500020,satellite_images\3121500020.jpg
3401700255,satellite_images\3401700255.jpg
9328510100,satellite_images\9328510100.jpg
2100200020,satellite_images\2100200020.jpg
7237450550,satellite_images\7237450550.jpg
323089159,satellite_images\323089159.jpg
8898700680,satellite_images\8898700680.jpg
6450303235,satellite_images\6450303235.jpg
2423029245,satellite_images\2423029245.jpg
1954420170,satellite_images\1954420170.jpg
7338000850,satellite_images\7338000850.jpg
802000130,satellite_images\802000130.jpg
3768000030,satellite_images\3768000030.jpg
3348401382,satellite_images\3348401382.jpg
9289900065,satellite_images\9289900065.jpg
2621760360,satellite_images\2621760360.jpg
9542800050,satellite_images\9542800050.jpg
868000530,satellite_images\868000530.jpg
9842300485,satellite_images\9842300485.jpg
2988800011,satellite_images\2988800011.jpg
1702901485,satellite_images\1702901485.jpg
1088810040,satellite_images\1088810040.jpg
1864900230,satellite_images\1864900230.jpg
4019300030,satellite_images\4019300030.jpg
8807900233,satellite_images\8807900233.jpg
8861500080,satellite_images\8861500080.jpg
205000310,satellite_images\205000310.jpg
9558800025,satellite_images\9558800025.jpg
4348800080,satellite_images\4348800080.jpg
7625702350,satellite_images\7625702350.jpg
3335000050,satellite_images\3335000050.jpg
5700000340,satellite_images\5700000340.jpg
7199310170,satellite_images\7199310170.jpg
4154302560,satellite_images\4154302560.jpg
2254502445,satellite_images\2254502445.jpg
2525059077,satellite_images\2525059077.jpg
8712100530,satellite_images\8712100530.jpg
5248800625,satellite_images\5248800625.jpg
4389201241,satellite_images\4389201241.jpg
1926049154,satellite_images\1926049154.jpg
2450000320,satellite_images\2450000320.jpg
3321069006,satellite_images\3321069006.jpg
1328330350,satellite_images\1328330350.jpg
7732400280,satellite_images\7732400280.jpg
8856890330,satellite_images\8856890330.jpg
623049093,satellite_images\623049093.jpg
3835502815,satellite_images\3835502815.jpg
9202650100,satellite_images\9202650100.jpg
8861500015,satellite_images\8861500015.jpg
3438503021,satellite_images\3438503021.jpg
3271800185,satellite_images\3271800185.jpg
9433000460,satellite_images\9433000460.jpg
2113700005,satellite_images\2113700005.jpg
4139430310,satellite_images\4139430310.jpg
9268851380,satellite_images\9268851380.jpg
7852100150,satellite_images\7852100150.jpg
4006000580,satellite_images\4006000580.jpg
8138870060,satellite_images\8138870060.jpg
423000035,satellite_images\423000035.jpg
8651610890,satellite_images\8651610890.jpg
8604900245,satellite_images\8604900245.jpg
8690600050,satellite_images\8690600050.jpg
9259900010,satellite_images\9259900010.jpg
4053200933,satellite_images\4053200933.jpg
4083306175,satellite_images\4083306175.jpg
2856101479,satellite_images\2856101479.jpg
1397300055,satellite_images\1397300055.jpg
868001790,satellite_images\868001790.jpg
2826049106,satellite_images\2826049106.jpg
2561320120,satellite_images\2561320120.jpg
1087500040,satellite_images\1087500040.jpg
263000325,satellite_images\263000325.jpg
5101405274,satellite_images\5101405274.jpg
2424059163,satellite_images\2424059163.jpg
6450303820,satellite_images\6450303820.jpg
7749500250,satellite_images\7749500250.jpg
5350200425,satellite_images\5350200425.jpg
6117501176,satellite_images\6117501176.jpg
2754700170,satellite_images\2754700170.jpg
2141310580,satellite_images\2141310580.jpg
4233600150,satellite_images\4233600150.jpg
1822360080,satellite_images\1822360080.jpg
7355700171,satellite_images\7355700171.jpg
6880200030,satellite_images\6880200030.jpg
1423900080,satellite_images\1423900080.jpg
4040800810,satellite_images\4040800810.jpg
8645540320,satellite_images\8645540320.jpg
1498303895,satellite_images\1498303895.jpg
3630200960,satellite_images\3630200960.jpg
2560801222,satellite_images\2560801222.jpg
5104470070,satellite_images\5104470070.jpg
9407001860,satellite_images\9407001860.jpg
2925059294,satellite_images\2925059294.jpg
7600125,satellite_images\7600125.jpg
7856610490,satellite_images\7856610490.jpg
7804700020,satellite_images\7804700020.jpg
643300040,satellite_images\643300040.jpg
7787100210,satellite_images\7787100210.jpg
8651510380,satellite_images\8651510380.jpg
1823069279,satellite_images\1823069279.jpg
1840000030,satellite_images\1840000030.jpg
2770604942,satellite_images\2770604942.jpg
1953400570,satellite_images\1953400570.jpg
3905081070,satellite_images\3905081070.jpg
5350201180,satellite_images\5350201180.jpg
2130200160,satellite_images\2130200160.jpg
7977200720,satellite_images\7977200720.jpg
6446200175,satellite_images\6446200175.jpg
4027700844,satellite_images\4027700844.jpg
6073230230,satellite_images\6073230230.jpg
8856000545,satellite_images\8856000545.jpg
1771110090,satellite_images\1771110090.jpg
2126059139,satellite_images\2126059139.jpg
9368700341,satellite_images\9368700341.jpg
5015000190,satellite_images\5015000190.jpg
9828200525,satellite_images\9828200525.jpg
2473510260,satellite_images\2473510260.jpg
9542830690,satellite_images\9542830690.jpg
2414600126,satellite_images\2414600126.jpg
4040800120,satellite_images\4040800120.jpg
2408800130,satellite_images\2408800130.jpg
2124049160,satellite_images\2124049160.jpg
3383900048,satellite_images\3383900048.jpg
8078350090,satellite_images\8078350090.jpg
3622910190,satellite_images\3622910190.jpg
8861500065,satellite_images\8861500065.jpg
5104220120,satellite_images\5104220120.jpg
8121100325,satellite_images\8121100325.jpg
626049102,satellite_images\626049102.jpg
1332700010,satellite_images\1332700010.jpg
8956500020,satellite_images\8956500020.jpg
2125049131,satellite_images\2125049131.jpg
8682281070,satellite_images\8682281070.jpg
824069193,satellite_images\824069193.jpg
1550000463,satellite_images\1550000463.jpg
8563030500,satellite_images\8563030500.jpg
8945200750,satellite_images\8945200750.jpg
3845100550,satellite_images\3845100550.jpg
1422200090,satellite_images\1422200090.jpg
5253300320,satellite_images\5253300320.jpg
3629921000,satellite_images\3629921000.jpg
2770604920,satellite_images\2770604920.jpg
9578090050,satellite_images\9578090050.jpg
7905390220,satellite_images\7905390220.jpg
3343901408,satellite_images\3343901408.jpg
3904960700,satellite_images\3904960700.jpg
3031200205,satellite_images\3031200205.jpg
1036450360,satellite_images\1036450360.jpg
3121500100,satellite_images\3121500100.jpg
1773100121,satellite_images\1773100121.jpg
2624049185,satellite_images\2624049185.jpg
6163901772,satellite_images\6163901772.jpg
8562901830,satellite_images\8562901830.jpg
4048400191,satellite_images\4048400191.jpg
8645511500,satellite_images\8645511500.jpg
8125200273,satellite_images\8125200273.jpg
1785400210,satellite_images\1785400210.jpg
3754700170,satellite_images\3754700170.jpg
8722100825,satellite_images\8722100825.jpg
1545800290,satellite_images\1545800290.jpg
3343901848,satellite_images\3343901848.jpg
9542200220,satellite_images\9542200220.jpg
3874900205,satellite_images\3874900205.jpg
1137300900,satellite_images\1137300900.jpg
3630030500,satellite_images\3630030500.jpg
7695450010,satellite_images\7695450010.jpg
1121000095,satellite_images\1121000095.jpg
2123049420,satellite_images\2123049420.jpg
7625701175,satellite_images\7625701175.jpg
1795900360,satellite_images\1795900360.jpg
1231000645,satellite_images\1231000645.jpg
3365900175,satellite_images\3365900175.jpg
7589200165,satellite_images\7589200165.jpg
1377800277,satellite_images\1377800277.jpg
2944000170,satellite_images\2944000170.jpg
2472950170,satellite_images\2472950170.jpg
1225039052,satellite_images\1225039052.jpg
7574910220,satellite_images\7574910220.jpg
7454001405,satellite_images\7454001405.jpg
3298600340,satellite_images\3298600340.jpg
5149800040,satellite_images\5149800040.jpg
4022906222,satellite_images\4022906222.jpg
7334501240,satellite_images\7334501240.jpg
9521100301,satellite_images\9521100301.jpg
2045800006,satellite_images\2045800006.jpg
629500170,satellite_images\629500170.jpg
4358700186,satellite_images\4358700186.jpg
8658300260,satellite_images\8658300260.jpg
2391600950,satellite_images\2391600950.jpg
3735900770,satellite_images\3735900770.jpg
3066200460,satellite_images\3066200460.jpg
1232001040,satellite_images\1232001040.jpg
3613600150,satellite_images\3613600150.jpg
7399300510,satellite_images\7399300510.jpg
9476200150,satellite_images\9476200150.jpg
225069017,satellite_images\225069017.jpg
2138700141,satellite_images\2138700141.jpg
8894200150,satellite_images\8894200150.jpg
2026049184,satellite_images\2026049184.jpg
7841300535,satellite_images\7841300535.jpg
1796360340,satellite_images\1796360340.jpg
1400300055,satellite_images\1400300055.jpg
6843300090,satellite_images\6843300090.jpg
3501600215,satellite_images\3501600215.jpg
6719600030,satellite_images\6719600030.jpg
9269750220,satellite_images\9269750220.jpg
164000237,satellite_images\164000237.jpg
7899800791,satellite_images\7899800791.jpg
8856890200,satellite_images\8856890200.jpg
7760400420,satellite_images\7760400420.jpg
934300140,satellite_images\934300140.jpg
5318101565,satellite_images\5318101565.jpg
2194100050,satellite_images\2194100050.jpg
8917100180,satellite_images\8917100180.jpg
7558800570,satellite_images\7558800570.jpg
2397100975,satellite_images\2397100975.jpg
1266200130,satellite_images\1266200130.jpg
9544700730,satellite_images\9544700730.jpg
4136930360,satellite_images\4136930360.jpg
7812800310,satellite_images\7812800310.jpg
8900000110,satellite_images\8900000110.jpg
5076700145,satellite_images\5076700145.jpg
4388000460,satellite_images\4388000460.jpg
7153400010,satellite_images\7153400010.jpg
1545804820,satellite_images\1545804820.jpg
7524200330,satellite_images\7524200330.jpg
3438500114,satellite_images\3438500114.jpg
7207900030,satellite_images\7207900030.jpg
5370200170,satellite_images\5370200170.jpg
3625049079,satellite_images\3625049079.jpg
2530800070,satellite_images\2530800070.jpg
1558500100,satellite_images\1558500100.jpg
2597650660,satellite_images\2597650660.jpg
2311400056,satellite_images\2311400056.jpg
3575303970,satellite_images\3575303970.jpg
7203180070,satellite_images\7203180070.jpg
7853310380,satellite_images\7853310380.jpg
8651410740,satellite_images\8651410740.jpg
2675600025,satellite_images\2675600025.jpg
1310900610,satellite_images\1310900610.jpg
2473000720,satellite_images\2473000720.jpg
3996900460,satellite_images\3996900460.jpg
1623800300,satellite_images\1623800300.jpg
8691450120,satellite_images\8691450120.jpg
6388910280,satellite_images\6388910280.jpg
5591700290,satellite_images\5591700290.jpg
9541600110,satellite_images\9541600110.jpg
2172000035,satellite_images\2172000035.jpg
8818900155,satellite_images\8818900155.jpg
2473400340,satellite_images\2473400340.jpg
3326049077,satellite_images\3326049077.jpg
7899800120,satellite_images\7899800120.jpg
1925069099,satellite_images\1925069099.jpg
1332700020,satellite_images\1332700020.jpg
1241500350,satellite_images\1241500350.jpg
8123710070,satellite_images\8123710070.jpg
5694000710,satellite_images\5694000710.jpg
7856560480,satellite_images\7856560480.jpg
4139910250,satellite_images\4139910250.jpg
2547200160,satellite_images\2547200160.jpg
824059083,satellite_images\824059083.jpg
1555300530,satellite_images\1555300530.jpg
9521101221,satellite_images\9521101221.jpg
9407001700,satellite_images\9407001700.jpg
1235700052,satellite_images\1235700052.jpg
7202330330,satellite_images\7202330330.jpg
3297700100,satellite_images\3297700100.jpg
1250201610,satellite_images\1250201610.jpg
5202500030,satellite_images\5202500030.jpg
9558050020,satellite_images\9558050020.jpg
7202331050,satellite_images\7202331050.jpg
686530110,satellite_images\686530110.jpg
740500010,satellite_images\740500010.jpg
714000210,satellite_images\714000210.jpg
4377000100,satellite_images\4377000100.jpg
7284900405,satellite_images\7284900405.jpg
1222069089,satellite_images\1222069089.jpg
8860500150,satellite_images\8860500150.jpg
8838900167,satellite_images\8838900167.jpg
9359300220,satellite_images\9359300220.jpg
5469501530,satellite_images\5469501530.jpg
1023079147,satellite_images\1023079147.jpg
2770604410,satellite_images\2770604410.jpg
686900030,satellite_images\686900030.jpg
7518505040,satellite_images\7518505040.jpg
644000102,satellite_images\644000102.jpg
8143000280,satellite_images\8143000280.jpg
3362401761,satellite_images\3362401761.jpg
3649100473,satellite_images\3649100473.jpg
8644220070,satellite_images\8644220070.jpg
5101404608,satellite_images\5101404608.jpg
9465900500,satellite_images\9465900500.jpg
7844200415,satellite_images\7844200415.jpg
1232000810,satellite_images\1232000810.jpg
4058802105,satellite_images\4058802105.jpg
3211290050,satellite_images\3211290050.jpg
3505100126,satellite_images\3505100126.jpg
8122600245,satellite_images\8122600245.jpg
6666830170,satellite_images\6666830170.jpg
255520150,satellite_images\255520150.jpg
3211210200,satellite_images\3211210200.jpg
2923500750,satellite_images\2923500750.jpg
1250200605,satellite_images\1250200605.jpg
6145601510,satellite_images\6145601510.jpg
945000250,satellite_images\945000250.jpg
4345000510,satellite_images\4345000510.jpg
9567800140,satellite_images\9567800140.jpg
2214800170,satellite_images\2214800170.jpg
7214820030,satellite_images\7214820030.jpg
2862100260,satellite_images\2862100260.jpg
4139420070,satellite_images\4139420070.jpg
2620069195,satellite_images\2620069195.jpg
1777500160,satellite_images\1777500160.jpg
8021701115,satellite_images\8021701115.jpg
4030100290,satellite_images\4030100290.jpg
7985000010,satellite_images\7985000010.jpg
5412200180,satellite_images\5412200180.jpg
3226049478,satellite_images\3226049478.jpg
2781250610,satellite_images\2781250610.jpg
8856920250,satellite_images\8856920250.jpg
9371700132,satellite_images\9371700132.jpg
9208900037,satellite_images\9208900037.jpg
8691300060,satellite_images\8691300060.jpg
2767601100,satellite_images\2767601100.jpg
4083305445,satellite_images\4083305445.jpg
8651611260,satellite_images\8651611260.jpg
255370420,satellite_images\255370420.jpg
2489200070,satellite_images\2489200070.jpg
8562900710,satellite_images\8562900710.jpg
3345100030,satellite_images\3345100030.jpg
1344300045,satellite_images\1344300045.jpg
9390700095,satellite_images\9390700095.jpg
8700100100,satellite_images\8700100100.jpg
4045500950,satellite_images\4045500950.jpg
6623400135,satellite_images\6623400135.jpg
3904940140,satellite_images\3904940140.jpg
1972200325,satellite_images\1972200325.jpg
5469000140,satellite_images\5469000140.jpg
3782400040,satellite_images\3782400040.jpg
3705000060,satellite_images\3705000060.jpg
6389970010,satellite_images\6389970010.jpg
7437100770,satellite_images\7437100770.jpg
7400062,satellite_images\7400062.jpg
2402100205,satellite_images\2402100205.jpg
5104520810,satellite_images\5104520810.jpg
6819100040,satellite_images\6819100040.jpg
4051110240,satellite_images\4051110240.jpg
6821102317,satellite_images\6821102317.jpg
1604601801,satellite_images\1604601801.jpg
6300000693,satellite_images\6300000693.jpg
9476200035,satellite_images\9476200035.jpg
1220000371,satellite_images\1220000371.jpg
2916200054,satellite_images\2916200054.jpg
4024100807,satellite_images\4024100807.jpg
4457300630,satellite_images\4457300630.jpg
2923500550,satellite_images\2923500550.jpg
923000265,satellite_images\923000265.jpg
2517010120,satellite_images\2517010120.jpg
9406570290,satellite_images\9406570290.jpg
1330900250,satellite_images\1330900250.jpg
5416500090,satellite_images\5416500090.jpg
5634500182,satellite_images\5634500182.jpg
7889601165,satellite_images\7889601165.jpg
4365200425,satellite_images\4365200425.jpg
8661000033,satellite_images\8661000033.jpg
1118000301,satellite_images\1118000301.jpg
7227801630,satellite_images\7227801630.jpg
205000520,satellite_images\205000520.jpg
3999200310,satellite_images\3999200310.jpg
2423069039,satellite_images\2423069039.jpg
1788700230,satellite_images\1788700230.jpg
5418650080,satellite_images\5418650080.jpg
603000150,satellite_images\603000150.jpg
1723059050,satellite_images\1723059050.jpg
1241500351,satellite_images\1241500351.jpg
6190500340,satellite_images\6190500340.jpg
9424400200,satellite_images\9424400200.jpg
717000225,satellite_images\717000225.jpg
8961970510,satellite_images\8961970510.jpg
3024059057,satellite_images\3024059057.jpg
5711200170,satellite_images\5711200170.jpg
293760310,satellite_images\293760310.jpg
2494000070,satellite_images\2494000070.jpg
84000245,satellite_images\84000245.jpg
1332700030,satellite_images\1332700030.jpg
1133000671,satellite_images\1133000671.jpg
5466400530,satellite_images\5466400530.jpg
1737320120,satellite_images\1737320120.jpg
7116500920,satellite_images\7116500920.jpg
7436300170,satellite_images\7436300170.jpg
1829300270,satellite_images\1829300270.jpg
9238450330,satellite_images\9238450330.jpg
4046601460,satellite_images\4046601460.jpg
5360200054,satellite_images\5360200054.jpg
1081200070,satellite_images\1081200070.jpg
2533300025,satellite_images\2533300025.jpg
8563030330,satellite_images\8563030330.jpg
5460900120,satellite_images\5460900120.jpg
7205800040,satellite_images\7205800040.jpg
2005600090,satellite_images\2005600090.jpg
9165100330,satellite_images\9165100330.jpg
5540000010,satellite_images\5540000010.jpg
7987401010,satellite_images\7987401010.jpg
9413900035,satellite_images\9413900035.jpg
579003645,satellite_images\579003645.jpg
9476200485,satellite_images\9476200485.jpg
7883602650,satellite_images\7883602650.jpg
8899100230,satellite_images\8899100230.jpg
3622069095,satellite_images\3622069095.jpg
1541700010,satellite_images\1541700010.jpg
3753000100,satellite_images\3753000100.jpg
7525300240,satellite_images\7525300240.jpg
7893804790,satellite_images\7893804790.jpg
8563000520,satellite_images\8563000520.jpg
822069118,satellite_images\822069118.jpg
1124000050,satellite_images\1124000050.jpg
3423600065,satellite_images\3423600065.jpg
8073000491,satellite_images\8073000491.jpg
1150001270,satellite_images\1150001270.jpg
3303860030,satellite_images\3303860030.jpg
5101406522,satellite_images\5101406522.jpg
1133000050,satellite_images\1133000050.jpg
3904980270,satellite_images\3904980270.jpg
6043400006,satellite_images\6043400006.jpg
739820050,satellite_images\739820050.jpg
7203140360,satellite_images\7203140360.jpg
1471630350,satellite_images\1471630350.jpg
9826701765,satellite_images\9826701765.jpg
6705120280,satellite_images\6705120280.jpg
8731982550,satellite_images\8731982550.jpg
6821101762,satellite_images\6821101762.jpg
4217400680,satellite_images\4217400680.jpg
7519000665,satellite_images\7519000665.jpg
2770601782,satellite_images\2770601782.jpg
5229300027,satellite_images\5229300027.jpg
1176000964,satellite_images\1176000964.jpg
1823049182,satellite_images\1823049182.jpg
7510700030,satellite_images\7510700030.jpg
8068000585,satellite_images\8068000585.jpg
7502800050,satellite_images\7502800050.jpg
7300700056,satellite_images\7300700056.jpg
7977201065,satellite_images\7977201065.jpg
2806000560,satellite_images\2806000560.jpg
293910030,satellite_images\293910030.jpg
1118001201,satellite_images\1118001201.jpg
525069099,satellite_images\525069099.jpg
1250204835,satellite_images\1250204835.jpg
3630080120,satellite_images\3630080120.jpg
1310960220,satellite_images\1310960220.jpg
9407101380,satellite_images\9407101380.jpg
3738000070,satellite_images\3738000070.jpg
1797500780,satellite_images\1797500780.jpg
3034200933,satellite_images\3034200933.jpg
7715801030,satellite_images\7715801030.jpg
259800750,satellite_images\259800750.jpg
2877103615,satellite_images\2877103615.jpg
148000035,satellite_images\148000035.jpg
2588800006,satellite_images\2588800006.jpg
1994200040,satellite_images\1994200040.jpg
1081310060,satellite_images\1081310060.jpg
2397101200,satellite_images\2397101200.jpg
8864000250,satellite_images\8864000250.jpg
6669070220,satellite_images\6669070220.jpg
6341000020,satellite_images\6341000020.jpg
8651720020,satellite_images\8651720020.jpg
8122100290,satellite_images\8122100290.jpg
8564950390,satellite_images\8564950390.jpg
4477000270,satellite_images\4477000270.jpg
7461420060,satellite_images\7461420060.jpg
7138000170,satellite_images\7138000170.jpg
5700004485,satellite_images\5700004485.jpg
9578060420,satellite_images\9578060420.jpg
249000205,satellite_images\249000205.jpg
324059112,satellite_images\324059112.jpg
3905120830,satellite_images\3905120830.jpg
2851200100,satellite_images\2851200100.jpg
2968801085,satellite_images\2968801085.jpg
1022059161,satellite_images\1022059161.jpg
9264911150,satellite_images\9264911150.jpg
8725950360,satellite_images\8725950360.jpg
3885806105,satellite_images\3885806105.jpg
3885805665,satellite_images\3885805665.jpg
9471200265,satellite_images\9471200265.jpg
1626069198,satellite_images\1626069198.jpg
2599000130,satellite_images\2599000130.jpg
6021500970,satellite_images\6021500970.jpg
1760650290,satellite_images\1760650290.jpg
8964800050,satellite_images\8964800050.jpg
8562740400,satellite_images\8562740400.jpg
2806800090,satellite_images\2806800090.jpg
1558100398,satellite_images\1558100398.jpg
1774200060,satellite_images\1774200060.jpg
2926049437,satellite_images\2926049437.jpg
3876200350,satellite_images\3876200350.jpg
4139700260,satellite_images\4139700260.jpg
5127100210,satellite_images\5127100210.jpg
6705870120,satellite_images\6705870120.jpg
7702080150,satellite_images\7702080150.jpg
2458400345,satellite_images\2458400345.jpg
1024069205,satellite_images\1024069205.jpg
2206500395,satellite_images\2206500395.jpg
1562000120,satellite_images\1562000120.jpg
2869100080,satellite_images\2869100080.jpg
1924069071,satellite_images\1924069071.jpg
925069134,satellite_images\925069134.jpg
6378500230,satellite_images\6378500230.jpg
6151800624,satellite_images\6151800624.jpg
6141600065,satellite_images\6141600065.jpg
7708210040,satellite_images\7708210040.jpg
6635000110,satellite_images\6635000110.jpg
3288200710,satellite_images\3288200710.jpg
1313000240,satellite_images\1313000240.jpg
3861400061,satellite_images\3861400061.jpg
925069111,satellite_images\925069111.jpg
6821600145,satellite_images\6821600145.jpg
9542801120,satellite_images\9542801120.jpg
3379200100,satellite_images\3379200100.jpg
7937600087,satellite_images\7937600087.jpg
7853210180,satellite_images\7853210180.jpg
104550740,satellite_images\104550740.jpg
3905000340,satellite_images\3905000340.jpg
8121100147,satellite_images\8121100147.jpg
3298700110,satellite_images\3298700110.jpg
6699300210,satellite_images\6699300210.jpg
2660500095,satellite_images\2660500095.jpg
1419700270,satellite_images\1419700270.jpg
3317500100,satellite_images\3317500100.jpg
1437900350,satellite_images\1437900350.jpg
5104520550,satellite_images\5104520550.jpg
3878900395,satellite_images\3878900395.jpg
6824100007,satellite_images\6824100007.jpg
3992700070,satellite_images\3992700070.jpg
6600220490,satellite_images\6600220490.jpg
6788200360,satellite_images\6788200360.jpg
9290900160,satellite_images\9290900160.jpg
4353700200,satellite_images\4353700200.jpg
2045400075,satellite_images\2045400075.jpg
5634500415,satellite_images\5634500415.jpg
3363900111,satellite_images\3363900111.jpg
2767603612,satellite_images\2767603612.jpg
2919700735,satellite_images\2919700735.jpg
7764200030,satellite_images\7764200030.jpg
8650000070,satellite_images\8650000070.jpg
4221250100,satellite_images\4221250100.jpg
6738700320,satellite_images\6738700320.jpg
7517500085,satellite_images\7517500085.jpg
5438000280,satellite_images\5438000280.jpg
4104900340,satellite_images\4104900340.jpg
2207200675,satellite_images\2207200675.jpg
5379802871,satellite_images\5379802871.jpg
8151600610,satellite_images\8151600610.jpg
7852020590,satellite_images\7852020590.jpg
7853301560,satellite_images\7853301560.jpg
3629870020,satellite_images\3629870020.jpg
7518500301,satellite_images\7518500301.jpg
7287100135,satellite_images\7287100135.jpg
2128000180,satellite_images\2128000180.jpg
3824100082,satellite_images\3824100082.jpg
6056110200,satellite_images\6056110200.jpg
5009600070,satellite_images\5009600070.jpg
5559900080,satellite_images\5559900080.jpg
2826049070,satellite_images\2826049070.jpg
1431600180,satellite_images\1431600180.jpg
2877102846,satellite_images\2877102846.jpg
7856400240,satellite_images\7856400240.jpg
3812400657,satellite_images\3812400657.jpg
9238900060,satellite_images\9238900060.jpg
3755500080,satellite_images\3755500080.jpg
4040800090,satellite_images\4040800090.jpg
9214400396,satellite_images\9214400396.jpg
5556900080,satellite_images\5556900080.jpg
6056100370,satellite_images\6056100370.jpg
9211500230,satellite_images\9211500230.jpg
3649100103,satellite_images\3649100103.jpg
8663100050,satellite_images\8663100050.jpg
9274204100,satellite_images\9274204100.jpg
4046501300,satellite_images\4046501300.jpg
622049106,satellite_images\622049106.jpg
726049217,satellite_images\726049217.jpg
2061800045,satellite_images\2061800045.jpg
7689600360,satellite_images\7689600360.jpg
9523100731,satellite_images\9523100731.jpg
2770604925,satellite_images\2770604925.jpg
5525400420,satellite_images\5525400420.jpg
9407001330,satellite_images\9407001330.jpg
3754010040,satellite_images\3754010040.jpg
9274203190,satellite_images\9274203190.jpg
2110900050,satellite_images\2110900050.jpg
3333002385,satellite_images\3333002385.jpg
8024200683,satellite_images\8024200683.jpg
1826049426,satellite_images\1826049426.jpg
9530101670,satellite_images\9530101670.jpg
1774350160,satellite_images\1774350160.jpg
2159800120,satellite_images\2159800120.jpg
6745700150,satellite_images\6745700150.jpg
1326059070,satellite_images\1326059070.jpg
6848200475,satellite_images\6848200475.jpg
6450300840,satellite_images\6450300840.jpg
2826079027,satellite_images\2826079027.jpg
8159620260,satellite_images\8159620260.jpg
2201500450,satellite_images\2201500450.jpg
6819100352,satellite_images\6819100352.jpg
4031000460,satellite_images\4031000460.jpg
620069061,satellite_images\620069061.jpg
567000672,satellite_images\567000672.jpg
5132000140,satellite_images\5132000140.jpg
5700000515,satellite_images\5700000515.jpg
4303200184,satellite_images\4303200184.jpg
9429500045,satellite_images\9429500045.jpg
9136103130,satellite_images\9136103130.jpg
6456200020,satellite_images\6456200020.jpg
7334500090,satellite_images\7334500090.jpg
6649900090,satellite_images\6649900090.jpg
1853080120,satellite_images\1853080120.jpg
1387300760,satellite_images\1387300760.jpg
2175100270,satellite_images\2175100270.jpg
7237500650,satellite_images\7237500650.jpg
372000040,satellite_images\372000040.jpg
5127000430,satellite_images\5127000430.jpg
6896300375,satellite_images\6896300375.jpg
1685200110,satellite_images\1685200110.jpg
1175000110,satellite_images\1175000110.jpg
1821059067,satellite_images\1821059067.jpg
7429000240,satellite_images\7429000240.jpg
2725069108,satellite_images\2725069108.jpg
9253900271,satellite_images\9253900271.jpg
1727510030,satellite_images\1727510030.jpg
1995200245,satellite_images\1995200245.jpg
1545808110,satellite_images\1545808110.jpg
5071500140,satellite_images\5071500140.jpg
1972202187,satellite_images\1972202187.jpg
5335700110,satellite_images\5335700110.jpg
9406550050,satellite_images\9406550050.jpg
2767602720,satellite_images\2767602720.jpg
952007141,satellite_images\952007141.jpg
3831250130,satellite_images\3831250130.jpg
7140800100,satellite_images\7140800100.jpg
1862900690,satellite_images\1862900690.jpg
5420300240,satellite_images\5420300240.jpg
4019300906,satellite_images\4019300906.jpg
2461900446,satellite_images\2461900446.jpg
5332200530,satellite_images\5332200530.jpg
9211520150,satellite_images\9211520150.jpg
1175000570,satellite_images\1175000570.jpg
3391900130,satellite_images\3391900130.jpg
8718500275,satellite_images\8718500275.jpg
9323610260,satellite_images\9323610260.jpg
4221900305,satellite_images\4221900305.jpg
8649401270,satellite_images\8649401270.jpg
3083000365,satellite_images\3083000365.jpg
2826079101,satellite_images\2826079101.jpg
3024059126,satellite_images\3024059126.jpg
1473200150,satellite_images\1473200150.jpg
7135520650,satellite_images\7135520650.jpg
7278700069,satellite_images\7278700069.jpg
7199320600,satellite_images\7199320600.jpg
123039176,satellite_images\123039176.jpg
937000330,satellite_images\937000330.jpg
4278900110,satellite_images\4278900110.jpg
422000075,satellite_images\422000075.jpg
6446200050,satellite_images\6446200050.jpg
1926069035,satellite_images\1926069035.jpg
6752500090,satellite_images\6752500090.jpg
5745600040,satellite_images\5745600040.jpg
6649500040,satellite_images\6649500040.jpg
4137070440,satellite_images\4137070440.jpg
1149900050,satellite_images\1149900050.jpg
426069095,satellite_images\426069095.jpg
7237550310,satellite_images\7237550310.jpg
1421039067,satellite_images\1421039067.jpg
1370801800,satellite_images\1370801800.jpg
2888000020,satellite_images\2888000020.jpg
428100580,satellite_images\428100580.jpg
6324000115,satellite_images\6324000115.jpg
1723049008,satellite_images\1723049008.jpg
259000100,satellite_images\259000100.jpg
5119400075,satellite_images\5119400075.jpg
567000381,satellite_images\567000381.jpg
9144100158,satellite_images\9144100158.jpg
6705120100,satellite_images\6705120100.jpg
8123450450,satellite_images\8123450450.jpg
7217400895,satellite_images\7217400895.jpg
638100073,satellite_images\638100073.jpg
7465900205,satellite_images\7465900205.jpg
3342700610,satellite_images\3342700610.jpg
8562700300,satellite_images\8562700300.jpg
6791400070,satellite_images\6791400070.jpg
6114400136,satellite_images\6114400136.jpg
475000605,satellite_images\475000605.jpg
1222069133,satellite_images\1222069133.jpg
425400115,satellite_images\425400115.jpg
3421059049,satellite_images\3421059049.jpg
4321200970,satellite_images\4321200970.jpg
2937300560,satellite_images\2937300560.jpg
7635801032,satellite_images\7635801032.jpg
2787700150,satellite_images\2787700150.jpg
3832300090,satellite_images\3832300090.jpg
3523069060,satellite_images\3523069060.jpg
2523069192,satellite_images\2523069192.jpg
6127600110,satellite_images\6127600110.jpg
2769602840,satellite_images\2769602840.jpg
5608010420,satellite_images\5608010420.jpg
868000615,satellite_images\868000615.jpg
8582400015,satellite_images\8582400015.jpg
4221250010,satellite_images\4221250010.jpg
8682230610,satellite_images\8682230610.jpg
9320600090,satellite_images\9320600090.jpg
126049167,satellite_images\126049167.jpg
7852030240,satellite_images\7852030240.jpg
1126059091,satellite_images\1126059091.jpg
4206901550,satellite_images\4206901550.jpg
2896310160,satellite_images\2896310160.jpg
3902100205,satellite_images\3902100205.jpg
6414100482,satellite_images\6414100482.jpg
8632100010,satellite_images\8632100010.jpg
3905081350,satellite_images\3905081350.jpg
1446403850,satellite_images\1446403850.jpg
2872100245,satellite_images\2872100245.jpg
2125079054,satellite_images\2125079054.jpg
4083302370,satellite_images\4083302370.jpg
943100220,satellite_images\943100220.jpg
6769200040,satellite_images\6769200040.jpg
796000085,satellite_images\796000085.jpg
809002765,satellite_images\809002765.jpg
2473460060,satellite_images\2473460060.jpg
9406500350,satellite_images\9406500350.jpg
2822049254,satellite_images\2822049254.jpg
1824069083,satellite_images\1824069083.jpg
6192410280,satellite_images\6192410280.jpg
7686203195,satellite_images\7686203195.jpg
98000740,satellite_images\98000740.jpg
7243500015,satellite_images\7243500015.jpg
3625049042,satellite_images\3625049042.jpg
8722101100,satellite_images\8722101100.jpg
1257200290,satellite_images\1257200290.jpg
4137000460,satellite_images\4137000460.jpg
1183000005,satellite_images\1183000005.jpg
8165501540,satellite_images\8165501540.jpg
3021049140,satellite_images\3021049140.jpg
6638900550,satellite_images\6638900550.jpg
2600010330,satellite_images\2600010330.jpg
2521059060,satellite_images\2521059060.jpg
2346800270,satellite_images\2346800270.jpg
1370800830,satellite_images\1370800830.jpg
7853370620,satellite_images\7853370620.jpg
6821101732,satellite_images\6821101732.jpg
3448740160,satellite_images\3448740160.jpg
7811210320,satellite_images\7811210320.jpg
7972604425,satellite_images\7972604425.jpg
9542000075,satellite_images\9542000075.jpg
9347300160,satellite_images\9347300160.jpg
393000311,satellite_images\393000311.jpg
2264500425,satellite_images\2264500425.jpg
1445200050,satellite_images\1445200050.jpg
1327600150,satellite_images\1327600150.jpg
7335400500,satellite_images\7335400500.jpg
1698900075,satellite_images\1698900075.jpg
9828702262,satellite_images\9828702262.jpg
1864940180,satellite_images\1864940180.jpg
8961970560,satellite_images\8961970560.jpg
8024201795,satellite_images\8024201795.jpg
4440400125,satellite_images\4440400125.jpg
9284802045,satellite_images\9284802045.jpg
1843100340,satellite_images\1843100340.jpg
1042500013,satellite_images\1042500013.jpg
7526800100,satellite_images\7526800100.jpg
6699001200,satellite_images\6699001200.jpg
2162000260,satellite_images\2162000260.jpg
9268710140,satellite_images\9268710140.jpg
7202261260,satellite_images\7202261260.jpg
3223039181,satellite_images\3223039181.jpg
1837000010,satellite_images\1837000010.jpg
7956200220,satellite_images\7956200220.jpg
5103900045,satellite_images\5103900045.jpg
7792000140,satellite_images\7792000140.jpg
2323069022,satellite_images\2323069022.jpg
3026059014,satellite_images\3026059014.jpg
1939110310,satellite_images\1939110310.jpg
1257201530,satellite_images\1257201530.jpg
3336500180,satellite_images\3336500180.jpg
3271801090,satellite_images\3271801090.jpg
8562740480,satellite_images\8562740480.jpg
3728800320,satellite_images\3728800320.jpg
6620400025,satellite_images\6620400025.jpg
7625700012,satellite_images\7625700012.jpg
3298700840,satellite_images\3298700840.jpg
2475200140,satellite_images\2475200140.jpg
1755700090,satellite_images\1755700090.jpg
7853320550,satellite_images\7853320550.jpg
8644300200,satellite_images\8644300200.jpg
2767604252,satellite_images\2767604252.jpg
5127100100,satellite_images\5127100100.jpg
7436500270,satellite_images\7436500270.jpg
6123600285,satellite_images\6123600285.jpg
9545250010,satellite_images\9545250010.jpg
2938200040,satellite_images\2938200040.jpg
4221900030,satellite_images\4221900030.jpg
2026049067,satellite_images\2026049067.jpg
3955500100,satellite_images\3955500100.jpg
9842300540,satellite_images\9842300540.jpg
522059158,satellite_images\522059158.jpg
7750500275,satellite_images\7750500275.jpg
1925069006,satellite_images\1925069006.jpg
7504101230,satellite_images\7504101230.jpg
6121800050,satellite_images\6121800050.jpg
8648900040,satellite_images\8648900040.jpg
2128000160,satellite_images\2128000160.jpg
9378500050,satellite_images\9378500050.jpg
3188100065,satellite_images\3188100065.jpg
9385200055,satellite_images\9385200055.jpg
7611200125,satellite_images\7611200125.jpg
7148000315,satellite_images\7148000315.jpg
8092500720,satellite_images\8092500720.jpg
3298700302,satellite_images\3298700302.jpg
2491200050,satellite_images\2491200050.jpg
9471200065,satellite_images\9471200065.jpg
7338000730,satellite_images\7338000730.jpg
1125069102,satellite_images\1125069102.jpg
8730000260,satellite_images\8730000260.jpg
1545803520,satellite_images\1545803520.jpg
8562500200,satellite_images\8562500200.jpg
1112700060,satellite_images\1112700060.jpg
2221800080,satellite_images\2221800080.jpg
3303850390,satellite_images\3303850390.jpg
1138000410,satellite_images\1138000410.jpg
3438500192,satellite_images\3438500192.jpg
3448000755,satellite_images\3448000755.jpg
2215800050,satellite_images\2215800050.jpg
1853500290,satellite_images\1853500290.jpg
952003340,satellite_images\952003340.jpg
8682250090,satellite_images\8682250090.jpg
3124049171,satellite_images\3124049171.jpg
3679401110,satellite_images\3679401110.jpg
3223039149,satellite_images\3223039149.jpg
2423059104,satellite_images\2423059104.jpg
7853240660,satellite_images\7853240660.jpg
6046401030,satellite_images\6046401030.jpg
5535600640,satellite_images\5535600640.jpg
4180400090,satellite_images\4180400090.jpg
1824079107,satellite_images\1824079107.jpg
3056800230,satellite_images\3056800230.jpg
2822059350,satellite_images\2822059350.jpg
8125200480,satellite_images\8125200480.jpg
4221270100,satellite_images\4221270100.jpg
3223039229,satellite_images\3223039229.jpg
4109600055,satellite_images\4109600055.jpg
8807600140,satellite_images\8807600140.jpg
114700150,satellite_images\114700150.jpg
7129304085,satellite_images\7129304085.jpg
2231000020,satellite_images\2231000020.jpg
5003600120,satellite_images\5003600120.jpg
8649900480,satellite_images\8649900480.jpg
7635801311,satellite_images\7635801311.jpg
2436200395,satellite_images\2436200395.jpg
8960200280,satellite_images\8960200280.jpg
2787700630,satellite_images\2787700630.jpg
9201300050,satellite_images\9201300050.jpg
686400040,satellite_images\686400040.jpg
2249500059,satellite_images\2249500059.jpg
3134100023,satellite_images\3134100023.jpg
1346300035,satellite_images\1346300035.jpg
3826500730,satellite_images\3826500730.jpg
5014600180,satellite_images\5014600180.jpg
3649100674,satellite_images\3649100674.jpg
3649100264,satellite_images\3649100264.jpg
5153200100,satellite_images\5153200100.jpg
1737300110,satellite_images\1737300110.jpg
3825310970,satellite_images\3825310970.jpg
1115800110,satellite_images\1115800110.jpg
8556800090,satellite_images\8556800090.jpg
8651610240,satellite_images\8651610240.jpg
6821102350,satellite_images\6821102350.jpg
629890070,satellite_images\629890070.jpg
1796351080,satellite_images\1796351080.jpg
2310010050,satellite_images\2310010050.jpg
2253200010,satellite_images\2253200010.jpg
1138010170,satellite_images\1138010170.jpg
2767601805,satellite_images\2767601805.jpg
7215720250,satellite_images\7215720250.jpg
625059036,satellite_images\625059036.jpg
123039424,satellite_images\123039424.jpg
522079067,satellite_images\522079067.jpg
2538410260,satellite_images\2538410260.jpg
869700140,satellite_images\869700140.jpg
461003835,satellite_images\461003835.jpg
2781280390,satellite_images\2781280390.jpg
9277200111,satellite_images\9277200111.jpg
9542300320,satellite_images\9542300320.jpg
2026059181,satellite_images\2026059181.jpg
2757000040,satellite_images\2757000040.jpg
8029550020,satellite_images\8029550020.jpg
8151600470,satellite_images\8151600470.jpg
8807900236,satellite_images\8807900236.jpg
1387300570,satellite_images\1387300570.jpg
1775801020,satellite_images\1775801020.jpg
1238501116,satellite_images\1238501116.jpg
3649100315,satellite_images\3649100315.jpg
8096600100,satellite_images\8096600100.jpg
9285800801,satellite_images\9285800801.jpg
9149000180,satellite_images\9149000180.jpg
1722059021,satellite_images\1722059021.jpg
7660100085,satellite_images\7660100085.jpg
921059132,satellite_images\921059132.jpg
4217400540,satellite_images\4217400540.jpg
3880900010,satellite_images\3880900010.jpg
5151600360,satellite_images\5151600360.jpg
643500030,satellite_images\643500030.jpg
6145600557,satellite_images\6145600557.jpg
3275850190,satellite_images\3275850190.jpg
3630020380,satellite_images\3630020380.jpg
125069038,satellite_images\125069038.jpg
2636900126,satellite_images\2636900126.jpg
9578500920,satellite_images\9578500920.jpg
6338000592,satellite_images\6338000592.jpg
4083306705,satellite_images\4083306705.jpg
53500020,satellite_images\53500020.jpg
3276050110,satellite_images\3276050110.jpg
4292300010,satellite_images\4292300010.jpg
1446401460,satellite_images\1446401460.jpg
1061400180,satellite_images\1061400180.jpg
8691310420,satellite_images\8691310420.jpg
3802000020,satellite_images\3802000020.jpg
5637500180,satellite_images\5637500180.jpg
3876760430,satellite_images\3876760430.jpg
2420069242,satellite_images\2420069242.jpg
4010800110,satellite_images\4010800110.jpg
9828702513,satellite_images\9828702513.jpg
2126049083,satellite_images\2126049083.jpg
4027700021,satellite_images\4027700021.jpg
3856900005,satellite_images\3856900005.jpg
1402700170,satellite_images\1402700170.jpg
8562800250,satellite_images\8562800250.jpg
722039049,satellite_images\722039049.jpg
7893802670,satellite_images\7893802670.jpg
3876820140,satellite_images\3876820140.jpg
9268850130,satellite_images\9268850130.jpg
1645000097,satellite_images\1645000097.jpg
7923700330,satellite_images\7923700330.jpg
3990200020,satellite_images\3990200020.jpg
2817100570,satellite_images\2817100570.jpg
9578500180,satellite_images\9578500180.jpg
9839301055,satellite_images\9839301055.jpg
8567450060,satellite_images\8567450060.jpg
5126900405,satellite_images\5126900405.jpg
3755100520,satellite_images\3755100520.jpg
4222200380,satellite_images\4222200380.jpg
5101402312,satellite_images\5101402312.jpg
2600020100,satellite_images\2600020100.jpg
6116500341,satellite_images\6116500341.jpg
7276100282,satellite_images\7276100282.jpg
8082400011,satellite_images\8082400011.jpg
3550800040,satellite_images\3550800040.jpg
3715500220,satellite_images\3715500220.jpg
7549801565,satellite_images\7549801565.jpg
8682320320,satellite_images\8682320320.jpg
2926059146,satellite_images\2926059146.jpg
6699930360,satellite_images\6699930360.jpg
3222049087,satellite_images\3222049087.jpg
8648210140,satellite_images\8648210140.jpg
3876590090,satellite_images\3876590090.jpg
3449820430,satellite_images\3449820430.jpg
4113800410,satellite_images\4113800410.jpg
6381500065,satellite_images\6381500065.jpg
4036800900,satellite_images\4036800900.jpg
4077800088,satellite_images\4077800088.jpg
8945100530,satellite_images\8945100530.jpg
11200290,satellite_images\11200290.jpg
4318200360,satellite_images\4318200360.jpg
3416600111,satellite_images\3416600111.jpg
8700110020,satellite_images\8700110020.jpg
1604600660,satellite_images\1604600660.jpg
3630180400,satellite_images\3630180400.jpg
3709500060,satellite_images\3709500060.jpg
9558200045,satellite_images\9558200045.jpg
7882900120,satellite_images\7882900120.jpg
3826500170,satellite_images\3826500170.jpg
3735900325,satellite_images\3735900325.jpg
9510970050,satellite_images\9510970050.jpg
6190701483,satellite_images\6190701483.jpg
2785000290,satellite_images\2785000290.jpg
522069097,satellite_images\522069097.jpg
5592900105,satellite_images\5592900105.jpg
1211000070,satellite_images\1211000070.jpg
3275860270,satellite_images\3275860270.jpg
1426049083,satellite_images\1426049083.jpg
1218000195,satellite_images\1218000195.jpg
1552800280,satellite_images\1552800280.jpg
3395041236,satellite_images\3395041236.jpg
2776600082,satellite_images\2776600082.jpg
5249803745,satellite_images\5249803745.jpg
3575302397,satellite_images\3575302397.jpg
2822049210,satellite_images\2822049210.jpg
7972601950,satellite_images\7972601950.jpg
6414100133,satellite_images\6414100133.jpg
5652601140,satellite_images\5652601140.jpg
6117900120,satellite_images\6117900120.jpg
8567300140,satellite_images\8567300140.jpg
9542840630,satellite_images\9542840630.jpg
9264910100,satellite_images\9264910100.jpg
8562710520,satellite_images\8562710520.jpg
2144800146,satellite_images\2144800146.jpg
9834200950,satellite_images\9834200950.jpg
6445800120,satellite_images\6445800120.jpg
5252000170,satellite_images\5252000170.jpg
2878600655,satellite_images\2878600655.jpg
7224000980,satellite_images\7224000980.jpg
9477100170,satellite_images\9477100170.jpg
7409700215,satellite_images\7409700215.jpg
6003501400,satellite_images\6003501400.jpg
8823900290,satellite_images\8823900290.jpg
7888100090,satellite_images\7888100090.jpg
3856901760,satellite_images\3856901760.jpg
6083000083,satellite_images\6083000083.jpg
6623400050,satellite_images\6623400050.jpg
9268850140,satellite_images\9268850140.jpg
2767604558,satellite_images\2767604558.jpg
8556800100,satellite_images\8556800100.jpg
3023049256,satellite_images\3023049256.jpg
5127100190,satellite_images\5127100190.jpg
475000004,satellite_images\475000004.jpg
2617300200,satellite_images\2617300200.jpg
7101100055,satellite_images\7101100055.jpg
7852130430,satellite_images\7852130430.jpg
3342102220,satellite_images\3342102220.jpg
8121200970,satellite_images\8121200970.jpg
9551202130,satellite_images\9551202130.jpg
8888000055,satellite_images\8888000055.jpg
126049169,satellite_images\126049169.jpg
3530200020,satellite_images\3530200020.jpg
3313600077,satellite_images\3313600077.jpg
8078430130,satellite_images\8078430130.jpg
2558610070,satellite_images\2558610070.jpg
1075100090,satellite_images\1075100090.jpg
9830200380,satellite_images\9830200380.jpg
1612500155,satellite_images\1612500155.jpg
4305700086,satellite_images\4305700086.jpg
2818100255,satellite_images\2818100255.jpg
1773101340,satellite_images\1773101340.jpg
6909200355,satellite_images\6909200355.jpg
2344300170,satellite_images\2344300170.jpg
1245000865,satellite_images\1245000865.jpg
3585300415,satellite_images\3585300415.jpg
13001795,satellite_images\13001795.jpg
3869900036,satellite_images\3869900036.jpg
3303700376,satellite_images\3303700376.jpg
2722059292,satellite_images\2722059292.jpg
9158100090,satellite_images\9158100090.jpg
3904980030,satellite_images\3904980030.jpg
6093000065,satellite_images\6093000065.jpg
290000095,satellite_images\290000095.jpg
7137910360,satellite_images\7137910360.jpg
2193330030,satellite_images\2193330030.jpg
7852110380,satellite_images\7852110380.jpg
259800680,satellite_images\259800680.jpg
5072400100,satellite_images\5072400100.jpg
4443800375,satellite_images\4443800375.jpg
8731982250,satellite_images\8731982250.jpg
9528104108,satellite_images\9528104108.jpg
7812800855,satellite_images\7812800855.jpg
8562720420,satellite_images\8562720420.jpg
2465400036,satellite_images\2465400036.jpg
2260000210,satellite_images\2260000210.jpg
2826049282,satellite_images\2826049282.jpg
1442700360,satellite_images\1442700360.jpg
2781250900,satellite_images\2781250900.jpg
6130500060,satellite_images\6130500060.jpg
6130500120,satellite_images\6130500120.jpg
8078050040,satellite_images\8078050040.jpg
8929000280,satellite_images\8929000280.jpg
5067400162,satellite_images\5067400162.jpg
5742600115,satellite_images\5742600115.jpg
1467400095,satellite_images\1467400095.jpg
4384000020,satellite_images\4384000020.jpg
818100030,satellite_images\818100030.jpg
259800610,satellite_images\259800610.jpg
2895730280,satellite_images\2895730280.jpg
7625703065,satellite_images\7625703065.jpg
7338220280,satellite_images\7338220280.jpg
3905030480,satellite_images\3905030480.jpg
2203500570,satellite_images\2203500570.jpg
2028701165,satellite_images\2028701165.jpg
3123049230,satellite_images\3123049230.jpg
7853220610,satellite_images\7853220610.jpg
13002460,satellite_images\13002460.jpg
1623089086,satellite_images\1623089086.jpg
7936000403,satellite_images\7936000403.jpg
1824059070,satellite_images\1824059070.jpg
6632900574,satellite_images\6632900574.jpg
3066400750,satellite_images\3066400750.jpg
2946003415,satellite_images\2946003415.jpg
8648220150,satellite_images\8648220150.jpg
2988800065,satellite_images\2988800065.jpg
824069188,satellite_images\824069188.jpg
5315100667,satellite_images\5315100667.jpg
4442800162,satellite_images\4442800162.jpg
7334600030,satellite_images\7334600030.jpg
8818900300,satellite_images\8818900300.jpg
8928100025,satellite_images\8928100025.jpg
7234601162,satellite_images\7234601162.jpg
6608500260,satellite_images\6608500260.jpg
5451200600,satellite_images\5451200600.jpg
5706600170,satellite_images\5706600170.jpg
425000175,satellite_images\425000175.jpg
7504400400,satellite_images\7504400400.jpg
1042700270,satellite_images\1042700270.jpg
8113101233,satellite_images\8113101233.jpg
7454000145,satellite_images\7454000145.jpg
6669070080,satellite_images\6669070080.jpg
8731982840,satellite_images\8731982840.jpg
6448000010,satellite_images\6448000010.jpg
1498302783,satellite_images\1498302783.jpg
8835700250,satellite_images\8835700250.jpg
6371500120,satellite_images\6371500120.jpg
7282300125,satellite_images\7282300125.jpg
98000960,satellite_images\98000960.jpg
4166600115,satellite_images\4166600115.jpg
6070800050,satellite_images\6070800050.jpg
442000015,satellite_images\442000015.jpg
7855400330,satellite_images\7855400330.jpg
4443800505,satellite_images\4443800505.jpg
4397010140,satellite_images\4397010140.jpg
259500230,satellite_images\259500230.jpg
301401630,satellite_images\301401630.jpg
3448900420,satellite_images\3448900420.jpg
1623049062,satellite_images\1623049062.jpg
3746700120,satellite_images\3746700120.jpg
4040600190,satellite_images\4040600190.jpg
7529500030,satellite_images\7529500030.jpg
9536601996,satellite_images\9536601996.jpg
1771000960,satellite_images\1771000960.jpg
776600130,satellite_images\776600130.jpg
9151600106,satellite_images\9151600106.jpg
7211400576,satellite_images\7211400576.jpg
7258200060,satellite_images\7258200060.jpg
1959701695,satellite_images\1959701695.jpg
2326079039,satellite_images\2326079039.jpg
2892600016,satellite_images\2892600016.jpg
2025701080,satellite_images\2025701080.jpg
8151600900,satellite_images\8151600900.jpg
2919200665,satellite_images\2919200665.jpg
3981200250,satellite_images\3981200250.jpg
7203220310,satellite_images\7203220310.jpg
9274200320,satellite_images\9274200320.jpg
9542800820,satellite_images\9542800820.jpg
8827901450,satellite_images\8827901450.jpg
3204300090,satellite_images\3204300090.jpg
9358400150,satellite_images\9358400150.jpg
4151800530,satellite_images\4151800530.jpg
3362401611,satellite_images\3362401611.jpg
5101402472,satellite_images\5101402472.jpg
7504060020,satellite_images\7504060020.jpg
4215100060,satellite_images\4215100060.jpg
546000865,satellite_images\546000865.jpg
7616800350,satellite_images\7616800350.jpg
2937300430,satellite_images\2937300430.jpg
8074400035,satellite_images\8074400035.jpg
1025039326,satellite_images\1025039326.jpg
8651443360,satellite_images\8651443360.jpg
2926049382,satellite_images\2926049382.jpg
3023000200,satellite_images\3023000200.jpg
7660100336,satellite_images\7660100336.jpg
9537200037,satellite_images\9537200037.jpg
2817900180,satellite_images\2817900180.jpg
2788500090,satellite_images\2788500090.jpg
2424039036,satellite_images\2424039036.jpg
98030140,satellite_images\98030140.jpg
538000250,satellite_images\538000250.jpg
9533100145,satellite_images\9533100145.jpg
7170200080,satellite_images\7170200080.jpg
2349300090,satellite_images\2349300090.jpg
4139420370,satellite_images\4139420370.jpg
5511600245,satellite_images\5511600245.jpg
7809200005,satellite_images\7809200005.jpg
1336800670,satellite_images\1336800670.jpg
5450300020,satellite_images\5450300020.jpg
1823049046,satellite_images\1823049046.jpg
2111010340,satellite_images\2111010340.jpg
1250203135,satellite_images\1250203135.jpg
2895730540,satellite_images\2895730540.jpg
3390600025,satellite_images\3390600025.jpg
3356403304,satellite_images\3356403304.jpg
2771604190,satellite_images\2771604190.jpg
2978800120,satellite_images\2978800120.jpg
452001280,satellite_images\452001280.jpg
6300500875,satellite_images\6300500875.jpg
2787320140,satellite_images\2787320140.jpg
98001070,satellite_images\98001070.jpg
7520000440,satellite_images\7520000440.jpg
6431500122,satellite_images\6431500122.jpg
3972900025,satellite_images\3972900025.jpg
7533800325,satellite_images\7533800325.jpg
1782000085,satellite_images\1782000085.jpg
4139900050,satellite_images\4139900050.jpg
323089134,satellite_images\323089134.jpg
205000410,satellite_images\205000410.jpg
7852090280,satellite_images\7852090280.jpg
5104512060,satellite_images\5104512060.jpg
1937300270,satellite_images\1937300270.jpg
4039300400,satellite_images\4039300400.jpg
7312000240,satellite_images\7312000240.jpg
2791500280,satellite_images\2791500280.jpg
1937300180,satellite_images\1937300180.jpg
5013500400,satellite_images\5013500400.jpg
4345300050,satellite_images\4345300050.jpg
2436200025,satellite_images\2436200025.jpg
2180001080,satellite_images\2180001080.jpg
5249803645,satellite_images\5249803645.jpg
9275700016,satellite_images\9275700016.jpg
2323059184,satellite_images\2323059184.jpg
6813600415,satellite_images\6813600415.jpg
4359100050,satellite_images\4359100050.jpg
6021503840,satellite_images\6021503840.jpg
2618300080,satellite_images\2618300080.jpg
4019500030,satellite_images\4019500030.jpg
8581200350,satellite_images\8581200350.jpg
7960100220,satellite_images\7960100220.jpg
3299610260,satellite_images\3299610260.jpg
5230000020,satellite_images\5230000020.jpg
3024079069,satellite_images\3024079069.jpg
1760600009,satellite_images\1760600009.jpg
9808100100,satellite_images\9808100100.jpg
685000115,satellite_images\685000115.jpg
8946780110,satellite_images\8946780110.jpg
7203140420,satellite_images\7203140420.jpg
3629920600,satellite_images\3629920600.jpg
1088700100,satellite_images\1088700100.jpg
7855600730,satellite_images\7855600730.jpg
9274201809,satellite_images\9274201809.jpg
4046500180,satellite_images\4046500180.jpg
8732131200,satellite_images\8732131200.jpg
7852130080,satellite_images\7852130080.jpg
1796380310,satellite_images\1796380310.jpg
2125400160,satellite_images\2125400160.jpg
2591010240,satellite_images\2591010240.jpg
8079100700,satellite_images\8079100700.jpg
293000180,satellite_images\293000180.jpg
5379804393,satellite_images\5379804393.jpg
126059019,satellite_images\126059019.jpg
4400800061,satellite_images\4400800061.jpg
1471610070,satellite_images\1471610070.jpg
1423400005,satellite_images\1423400005.jpg
2877103726,satellite_images\2877103726.jpg
6980500030,satellite_images\6980500030.jpg
6192410760,satellite_images\6192410760.jpg
4057300180,satellite_images\4057300180.jpg
4178500100,satellite_images\4178500100.jpg
3629200020,satellite_images\3629200020.jpg
6669080120,satellite_images\6669080120.jpg
8823901445,satellite_images\8823901445.jpg
3904100220,satellite_images\3904100220.jpg
203100460,satellite_images\203100460.jpg
5422560830,satellite_images\5422560830.jpg
1022049182,satellite_images\1022049182.jpg
4475000170,satellite_images\4475000170.jpg
2124079010,satellite_images\2124079010.jpg
9290850330,satellite_images\9290850330.jpg
4139460200,satellite_images\4139460200.jpg
7589200193,satellite_images\7589200193.jpg
8001470560,satellite_images\8001470560.jpg
5104200420,satellite_images\5104200420.jpg
9368700223,satellite_images\9368700223.jpg
3820350020,satellite_images\3820350020.jpg
7414200010,satellite_images\7414200010.jpg
7349650230,satellite_images\7349650230.jpg
2215500205,satellite_images\2215500205.jpg
4443800415,satellite_images\4443800415.jpg
1703401110,satellite_images\1703401110.jpg
518500210,satellite_images\518500210.jpg
1402950100,satellite_images\1402950100.jpg
9808590460,satellite_images\9808590460.jpg
205000010,satellite_images\205000010.jpg
7214800240,satellite_images\7214800240.jpg
6414600321,satellite_images\6414600321.jpg
2623039082,satellite_images\2623039082.jpg
3856904970,satellite_images\3856904970.jpg
2825079001,satellite_images\2825079001.jpg
3528900330,satellite_images\3528900330.jpg
37000335,satellite_images\37000335.jpg
7575700015,satellite_images\7575700015.jpg
4222310680,satellite_images\4222310680.jpg
2600100300,satellite_images\2600100300.jpg
3395350210,satellite_images\3395350210.jpg
8682220150,satellite_images\8682220150.jpg
1240700170,satellite_images\1240700170.jpg
2473372250,satellite_images\2473372250.jpg
8732020440,satellite_images\8732020440.jpg
6664000130,satellite_images\6664000130.jpg
3278600670,satellite_images\3278600670.jpg
7883603425,satellite_images\7883603425.jpg
806000020,satellite_images\806000020.jpg
9350900550,satellite_images\9350900550.jpg
3025049028,satellite_images\3025049028.jpg
3876200330,satellite_images\3876200330.jpg
5559200065,satellite_images\5559200065.jpg
4217401035,satellite_images\4217401035.jpg
558100065,satellite_images\558100065.jpg
1446400564,satellite_images\1446400564.jpg
243000335,satellite_images\243000335.jpg
7201800090,satellite_images\7201800090.jpg
4287400005,satellite_images\4287400005.jpg
2025700180,satellite_images\2025700180.jpg
8807810890,satellite_images\8807810890.jpg
7940700190,satellite_images\7940700190.jpg
1338600090,satellite_images\1338600090.jpg
6154900095,satellite_images\6154900095.jpg
9406590250,satellite_images\9406590250.jpg
2491200330,satellite_images\2491200330.jpg
9551202025,satellite_images\9551202025.jpg
2770604082,satellite_images\2770604082.jpg
9346930250,satellite_images\9346930250.jpg
9542830600,satellite_images\9542830600.jpg
2619950350,satellite_images\2619950350.jpg
9416400020,satellite_images\9416400020.jpg
3026079055,satellite_images\3026079055.jpg
1531000030,satellite_images\1531000030.jpg
5381000082,satellite_images\5381000082.jpg
7454001090,satellite_images\7454001090.jpg
9407111220,satellite_images\9407111220.jpg
9550201550,satellite_images\9550201550.jpg
5569620410,satellite_images\5569620410.jpg
7787920180,satellite_images\7787920180.jpg
2759500105,satellite_images\2759500105.jpg
4188300180,satellite_images\4188300180.jpg
2771604196,satellite_images\2771604196.jpg
1959700540,satellite_images\1959700540.jpg
5104450720,satellite_images\5104450720.jpg
8563010420,satellite_images\8563010420.jpg
513000445,satellite_images\513000445.jpg
5561000190,satellite_images\5561000190.jpg
8651610680,satellite_images\8651610680.jpg
3819800280,satellite_images\3819800280.jpg
1623049241,satellite_images\1623049241.jpg
2770600853,satellite_images\2770600853.jpg
3423600060,satellite_images\3423600060.jpg
3291800780,satellite_images\3291800780.jpg
1102000196,satellite_images\1102000196.jpg
3332500085,satellite_images\3332500085.jpg
7942600910,satellite_images\7942600910.jpg
3574801350,satellite_images\3574801350.jpg
624110860,satellite_images\624110860.jpg
8944750850,satellite_images\8944750850.jpg
546000875,satellite_images\546000875.jpg
3583300075,satellite_images\3583300075.jpg
8887001215,satellite_images\8887001215.jpg
1982200245,satellite_images\1982200245.jpg
3423059081,satellite_images\3423059081.jpg
3220079017,satellite_images\3220079017.jpg
567000020,satellite_images\567000020.jpg
982850060,satellite_images\982850060.jpg
6431500280,satellite_images\6431500280.jpg
6306800020,satellite_images\6306800020.jpg
4174600185,satellite_images\4174600185.jpg
8001600130,satellite_images\8001600130.jpg
9578090240,satellite_images\9578090240.jpg
1243100191,satellite_images\1243100191.jpg
8016300030,satellite_images\8016300030.jpg
745530040,satellite_images\745530040.jpg
1842000140,satellite_images\1842000140.jpg
7686203180,satellite_images\7686203180.jpg
8074200080,satellite_images\8074200080.jpg
7702010030,satellite_images\7702010030.jpg
9448300061,satellite_images\9448300061.jpg
5196420290,satellite_images\5196420290.jpg
4140500050,satellite_images\4140500050.jpg
1787250210,satellite_images\1787250210.jpg
7689600330,satellite_images\7689600330.jpg
2788400020,satellite_images\2788400020.jpg
6899990230,satellite_images\6899990230.jpg
3832080610,satellite_images\3832080610.jpg
1432700880,satellite_images\1432700880.jpg
7767400060,satellite_images\7767400060.jpg
1670400068,satellite_images\1670400068.jpg
8732040820,satellite_images\8732040820.jpg
3876312570,satellite_images\3876312570.jpg
5255690100,satellite_images\5255690100.jpg
1422700110,satellite_images\1422700110.jpg
9267200345,satellite_images\9267200345.jpg
1762600070,satellite_images\1762600070.jpg
9211000170,satellite_images\9211000170.jpg
5101402296,satellite_images\5101402296.jpg
1250202324,satellite_images\1250202324.jpg
6137610620,satellite_images\6137610620.jpg
8819900055,satellite_images\8819900055.jpg
2558730070,satellite_images\2558730070.jpg
5694500386,satellite_images\5694500386.jpg
1138020200,satellite_images\1138020200.jpg
2321300390,satellite_images\2321300390.jpg
4399200085,satellite_images\4399200085.jpg
3971700635,satellite_images\3971700635.jpg
9144100298,satellite_images\9144100298.jpg
2473101190,satellite_images\2473101190.jpg
2517000140,satellite_images\2517000140.jpg
419000015,satellite_images\419000015.jpg
4215250030,satellite_images\4215250030.jpg
4312700200,satellite_images\4312700200.jpg
5469502380,satellite_images\5469502380.jpg
1532300155,satellite_images\1532300155.jpg
7852010940,satellite_images\7852010940.jpg
808000070,satellite_images\808000070.jpg
2402100895,satellite_images\2402100895.jpg
6181700250,satellite_images\6181700250.jpg
3057000300,satellite_images\3057000300.jpg
1311800040,satellite_images\1311800040.jpg
9297301015,satellite_images\9297301015.jpg
120069059,satellite_images\120069059.jpg
7215730410,satellite_images\7215730410.jpg
2141310020,satellite_images\2141310020.jpg
7932000041,satellite_images\7932000041.jpg
7852000010,satellite_images\7852000010.jpg
2491200675,satellite_images\2491200675.jpg
8856004415,satellite_images\8856004415.jpg
3421069053,satellite_images\3421069053.jpg
4310701330,satellite_images\4310701330.jpg
7852180260,satellite_images\7852180260.jpg
3959400855,satellite_images\3959400855.jpg
3336001470,satellite_images\3336001470.jpg
3834000820,satellite_images\3834000820.jpg
6433000050,satellite_images\6433000050.jpg
3824100286,satellite_images\3824100286.jpg
3298500690,satellite_images\3298500690.jpg
1517900100,satellite_images\1517900100.jpg
622100074,satellite_images\622100074.jpg
9406540190,satellite_images\9406540190.jpg
5250300035,satellite_images\5250300035.jpg
2892700041,satellite_images\2892700041.jpg
9526600260,satellite_images\9526600260.jpg
1997200215,satellite_images\1997200215.jpg
9477730080,satellite_images\9477730080.jpg
6751300375,satellite_images\6751300375.jpg
6140100022,satellite_images\6140100022.jpg
2193310320,satellite_images\2193310320.jpg
9808640090,satellite_images\9808640090.jpg
993002247,satellite_images\993002247.jpg
3352401037,satellite_images\3352401037.jpg
2862500190,satellite_images\2862500190.jpg
1854750030,satellite_images\1854750030.jpg
2770601696,satellite_images\2770601696.jpg
4140900050,satellite_images\4140900050.jpg
621069154,satellite_images\621069154.jpg
339200130,satellite_images\339200130.jpg
3523029077,satellite_images\3523029077.jpg
5244801550,satellite_images\5244801550.jpg
7236300065,satellite_images\7236300065.jpg
2979800762,satellite_images\2979800762.jpg
2953000300,satellite_images\2953000300.jpg
582000010,satellite_images\582000010.jpg
8835900015,satellite_images\8835900015.jpg
9202600060,satellite_images\9202600060.jpg
6791400800,satellite_images\6791400800.jpg
2425049066,satellite_images\2425049066.jpg
2579500110,satellite_images\2579500110.jpg
2420069268,satellite_images\2420069268.jpg
721049096,satellite_images\721049096.jpg
7284900098,satellite_images\7284900098.jpg
6003501535,satellite_images\6003501535.jpg
8946390150,satellite_images\8946390150.jpg
8563000110,satellite_images\8563000110.jpg
3342102880,satellite_images\3342102880.jpg
3424069066,satellite_images\3424069066.jpg
7867500021,satellite_images\7867500021.jpg
3904901570,satellite_images\3904901570.jpg
2767603612,satellite_images\2767603612.jpg
5422500110,satellite_images\5422500110.jpg
5152960080,satellite_images\5152960080.jpg
8894000040,satellite_images\8894000040.jpg
4249400270,satellite_images\4249400270.jpg
4022900197,satellite_images\4022900197.jpg
3888100117,satellite_images\3888100117.jpg
8563020170,satellite_images\8563020170.jpg
425079046,satellite_images\425079046.jpg
8122101146,satellite_images\8122101146.jpg
3629960170,satellite_images\3629960170.jpg
3034200885,satellite_images\3034200885.jpg
7202270570,satellite_images\7202270570.jpg
2126079014,satellite_images\2126079014.jpg
1245500276,satellite_images\1245500276.jpg
5561400140,satellite_images\5561400140.jpg
4389201021,satellite_images\4389201021.jpg
9528104286,satellite_images\9528104286.jpg
291310180,satellite_images\291310180.jpg
7853280490,satellite_images\7853280490.jpg
267010020,satellite_images\267010020.jpg
1450100020,satellite_images\1450100020.jpg
4037000840,satellite_images\4037000840.jpg
4047200265,satellite_images\4047200265.jpg
2710600080,satellite_images\2710600080.jpg
9512000140,satellite_images\9512000140.jpg
7785000230,satellite_images\7785000230.jpg
9485700150,satellite_images\9485700150.jpg
2011400583,satellite_images\2011400583.jpg
7298020140,satellite_images\7298020140.jpg
4058802335,satellite_images\4058802335.jpg
9259900025,satellite_images\9259900025.jpg
3488300085,satellite_images\3488300085.jpg
46100204,satellite_images\46100204.jpg
7853360720,satellite_images\7853360720.jpg
5379804690,satellite_images\5379804690.jpg
7893801862,satellite_images\7893801862.jpg
3630121060,satellite_images\3630121060.jpg
3362400650,satellite_images\3362400650.jpg
3295750550,satellite_images\3295750550.jpg
4399200245,satellite_images\4399200245.jpg
3762900010,satellite_images\3762900010.jpg
3205100130,satellite_images\3205100130.jpg
3750603940,satellite_images\3750603940.jpg
1853080130,satellite_images\1853080130.jpg
3303980520,satellite_images\3303980520.jpg
1997200245,satellite_images\1997200245.jpg
4443800545,satellite_images\4443800545.jpg
1775800750,satellite_images\1775800750.jpg
9527310180,satellite_images\9527310180.jpg
7932600140,satellite_images\7932600140.jpg
4045700455,satellite_images\4045700455.jpg
1180000885,satellite_images\1180000885.jpg
822069066,satellite_images\822069066.jpg
8151600701,satellite_images\8151600701.jpg
226039214,satellite_images\226039214.jpg
619079061,satellite_images\619079061.jpg
1515920090,satellite_images\1515920090.jpg
1923000030,satellite_images\1923000030.jpg
1036400200,satellite_images\1036400200.jpg
7732400490,satellite_images\7732400490.jpg
6021500970,satellite_images\6021500970.jpg
9512500680,satellite_images\9512500680.jpg
3741600020,satellite_images\3741600020.jpg
7234601525,satellite_images\7234601525.jpg
993002225,satellite_images\993002225.jpg
2722049246,satellite_images\2722049246.jpg
8651440250,satellite_images\8651440250.jpg
9477920120,satellite_images\9477920120.jpg
8663280080,satellite_images\8663280080.jpg
421079105,satellite_images\421079105.jpg
2568800290,satellite_images\2568800290.jpg
2254502071,satellite_images\2254502071.jpg
7789900030,satellite_images\7789900030.jpg
5708500270,satellite_images\5708500270.jpg
5528600005,satellite_images\5528600005.jpg
2970800145,satellite_images\2970800145.jpg
4077800412,satellite_images\4077800412.jpg
8731000010,satellite_images\8731000010.jpg
2768301476,satellite_images\2768301476.jpg
9325800005,satellite_images\9325800005.jpg
8901001090,satellite_images\8901001090.jpg
1727500340,satellite_images\1727500340.jpg
3213200215,satellite_images\3213200215.jpg
1796500100,satellite_images\1796500100.jpg
7518505851,satellite_images\7518505851.jpg
5592900285,satellite_images\5592900285.jpg
3407700047,satellite_images\3407700047.jpg
2525049133,satellite_images\2525049133.jpg
1732800199,satellite_images\1732800199.jpg
9521100031,satellite_images\9521100031.jpg
4187000190,satellite_images\4187000190.jpg
4021100095,satellite_images\4021100095.jpg
3205100060,satellite_images\3205100060.jpg
5089700260,satellite_images\5089700260.jpg
9510920050,satellite_images\9510920050.jpg
6882200140,satellite_images\6882200140.jpg
1424100100,satellite_images\1424100100.jpg
1370804461,satellite_images\1370804461.jpg
2329800330,satellite_images\2329800330.jpg
4067600255,satellite_images\4067600255.jpg
9530101535,satellite_images\9530101535.jpg
4458300190,satellite_images\4458300190.jpg
3760500514,satellite_images\3760500514.jpg
1868901295,satellite_images\1868901295.jpg
9413600380,satellite_images\9413600380.jpg
9560800040,satellite_images\9560800040.jpg
2044500142,satellite_images\2044500142.jpg
6056110150,satellite_images\6056110150.jpg
9129100040,satellite_images\9129100040.jpg
1545800710,satellite_images\1545800710.jpg
8682291840,satellite_images\8682291840.jpg
4104500191,satellite_images\4104500191.jpg
5104530810,satellite_images\5104530810.jpg
7452500565,satellite_images\7452500565.jpg
2769600560,satellite_images\2769600560.jpg
3039000010,satellite_images\3039000010.jpg
6822100155,satellite_images\6822100155.jpg
2923069037,satellite_images\2923069037.jpg
7889600080,satellite_images\7889600080.jpg
8945300290,satellite_images\8945300290.jpg
3959401880,satellite_images\3959401880.jpg
7787400105,satellite_images\7787400105.jpg
2222049108,satellite_images\2222049108.jpg
8965500820,satellite_images\8965500820.jpg
2423039122,satellite_images\2423039122.jpg
4027701275,satellite_images\4027701275.jpg
6181500120,satellite_images\6181500120.jpg
1036450170,satellite_images\1036450170.jpg
7922900460,satellite_images\7922900460.jpg
3918400028,satellite_images\3918400028.jpg
1826049094,satellite_images\1826049094.jpg
3300700470,satellite_images\3300700470.jpg
1853000300,satellite_images\1853000300.jpg
6852700246,satellite_images\6852700246.jpg
2623029003,satellite_images\2623029003.jpg
5255000110,satellite_images\5255000110.jpg
4123840210,satellite_images\4123840210.jpg
821049191,satellite_images\821049191.jpg
1798000100,satellite_images\1798000100.jpg
2354300550,satellite_images\2354300550.jpg
5700002285,satellite_images\5700002285.jpg
6321000045,satellite_images\6321000045.jpg
3226049466,satellite_images\3226049466.jpg
7715800570,satellite_images\7715800570.jpg
5422950040,satellite_images\5422950040.jpg
323089084,satellite_images\323089084.jpg
9412900055,satellite_images\9412900055.jpg
1562200240,satellite_images\1562200240.jpg
8731980440,satellite_images\8731980440.jpg
507100020,satellite_images\507100020.jpg
4309720160,satellite_images\4309720160.jpg
3885802136,satellite_images\3885802136.jpg
2899200040,satellite_images\2899200040.jpg
2768301490,satellite_images\2768301490.jpg
4403200255,satellite_images\4403200255.jpg
2725069164,satellite_images\2725069164.jpg
8658303265,satellite_images\8658303265.jpg
9301300751,satellite_images\9301300751.jpg
9528102996,satellite_images\9528102996.jpg
1021049057,satellite_images\1021049057.jpg
825069097,satellite_images\825069097.jpg
1853080850,satellite_images\1853080850.jpg
832700270,satellite_images\832700270.jpg
104550660,satellite_images\104550660.jpg
2140900100,satellite_images\2140900100.jpg
3524039144,satellite_images\3524039144.jpg
7504460200,satellite_images\7504460200.jpg
1328300820,satellite_images\1328300820.jpg
7697870350,satellite_images\7697870350.jpg
7806500290,satellite_images\7806500290.jpg
200500610,satellite_images\200500610.jpg
1337300070,satellite_images\1337300070.jpg
402000145,satellite_images\402000145.jpg
7452500770,satellite_images\7452500770.jpg
7202330530,satellite_images\7202330530.jpg
4054560120,satellite_images\4054560120.jpg
2599001240,satellite_images\2599001240.jpg
9250900104,satellite_images\9250900104.jpg
5363200180,satellite_images\5363200180.jpg
1657530350,satellite_images\1657530350.jpg
2767604254,satellite_images\2767604254.jpg
3438500430,satellite_images\3438500430.jpg
8832900550,satellite_images\8832900550.jpg
9376301591,satellite_images\9376301591.jpg
2771604791,satellite_images\2771604791.jpg
748000205,satellite_images\748000205.jpg
8944360290,satellite_images\8944360290.jpg
8127700820,satellite_images\8127700820.jpg
7853400250,satellite_images\7853400250.jpg
7524000280,satellite_images\7524000280.jpg
7137970210,satellite_images\7137970210.jpg
9485300010,satellite_images\9485300010.jpg
4340000010,satellite_images\4340000010.jpg
7215721330,satellite_images\7215721330.jpg
424049059,satellite_images\424049059.jpg
9282800075,satellite_images\9282800075.jpg
8001400300,satellite_images\8001400300.jpg
7852070060,satellite_images\7852070060.jpg
7237550110,satellite_images\7237550110.jpg
2946001645,satellite_images\2946001645.jpg
7517500610,satellite_images\7517500610.jpg
4077800590,satellite_images\4077800590.jpg
2883200139,satellite_images\2883200139.jpg
3668000500,satellite_images\3668000500.jpg
1787600252,satellite_images\1787600252.jpg
8121200620,satellite_images\8121200620.jpg
6114400142,satellite_images\6114400142.jpg
4330600435,satellite_images\4330600435.jpg
5210200107,satellite_images\5210200107.jpg
9278200131,satellite_images\9278200131.jpg
4024101395,satellite_images\4024101395.jpg
2730000070,satellite_images\2730000070.jpg
1387301350,satellite_images\1387301350.jpg
5727500301,satellite_images\5727500301.jpg
3353400860,satellite_images\3353400860.jpg
2481600110,satellite_images\2481600110.jpg
321059132,satellite_images\321059132.jpg
3342700465,satellite_images\3342700465.jpg
9393700140,satellite_images\9393700140.jpg
522039103,satellite_images\522039103.jpg
9286100320,satellite_images\9286100320.jpg
3832080070,satellite_images\3832080070.jpg
5095401070,satellite_images\5095401070.jpg
6046401300,satellite_images\6046401300.jpg
7686203620,satellite_images\7686203620.jpg
7852120120,satellite_images\7852120120.jpg
4217400420,satellite_images\4217400420.jpg
8645500900,satellite_images\8645500900.jpg
4178900070,satellite_images\4178900070.jpg
6362900172,satellite_images\6362900172.jpg
8103000110,satellite_images\8103000110.jpg
293720140,satellite_images\293720140.jpg
3825310180,satellite_images\3825310180.jpg
927200380,satellite_images\927200380.jpg
7175300045,satellite_images\7175300045.jpg
4399200075,satellite_images\4399200075.jpg
3693901801,satellite_images\3693901801.jpg
9310300175,satellite_images\9310300175.jpg
2525069041,satellite_images\2525069041.jpg
5113400264,satellite_images\5113400264.jpg
3178100065,satellite_images\3178100065.jpg
2459500210,satellite_images\2459500210.jpg
2600140120,satellite_images\2600140120.jpg
952003435,satellite_images\952003435.jpg
6844703135,satellite_images\6844703135.jpg
452001540,satellite_images\452001540.jpg
3425059173,satellite_images\3425059173.jpg
7889601870,satellite_images\7889601870.jpg
1140000050,satellite_images\1140000050.jpg
2887701940,satellite_images\2887701940.jpg
1023059313,satellite_images\1023059313.jpg
3333500096,satellite_images\3333500096.jpg
7852180530,satellite_images\7852180530.jpg
3585300410,satellite_images\3585300410.jpg
9829200855,satellite_images\9829200855.jpg
9485951030,satellite_images\9485951030.jpg
1622059088,satellite_images\1622059088.jpg
7639900025,satellite_images\7639900025.jpg
9238450150,satellite_images\9238450150.jpg
3664500300,satellite_images\3664500300.jpg
6788201015,satellite_images\6788201015.jpg
2571910260,satellite_images\2571910260.jpg
7820000038,satellite_images\7820000038.jpg
1016000080,satellite_images\1016000080.jpg
8901000143,satellite_images\8901000143.jpg
7399301100,satellite_images\7399301100.jpg
9286000110,satellite_images\9286000110.jpg
2771604370,satellite_images\2771604370.jpg
4023500362,satellite_images\4023500362.jpg
3422049276,satellite_images\3422049276.jpg
726049190,satellite_images\726049190.jpg
3278612450,satellite_images\3278612450.jpg
1438000130,satellite_images\1438000130.jpg
3558910570,satellite_images\3558910570.jpg
1422300140,satellite_images\1422300140.jpg
7694200340,satellite_images\7694200340.jpg
8615800500,satellite_images\8615800500.jpg
3797000035,satellite_images\3797000035.jpg
4045800040,satellite_images\4045800040.jpg
2228900270,satellite_images\2228900270.jpg
8682310460,satellite_images\8682310460.jpg
402000260,satellite_images\402000260.jpg
8700120270,satellite_images\8700120270.jpg
1118001835,satellite_images\1118001835.jpg
2944000050,satellite_images\2944000050.jpg
1926059027,satellite_images\1926059027.jpg
179001425,satellite_images\179001425.jpg
3277801592,satellite_images\3277801592.jpg
6021503885,satellite_images\6021503885.jpg
587550340,satellite_images\587550340.jpg
2767600920,satellite_images\2767600920.jpg
2883200966,satellite_images\2883200966.jpg
7299810040,satellite_images\7299810040.jpg
3216900080,satellite_images\3216900080.jpg
7234600903,satellite_images\7234600903.jpg
3330500875,satellite_images\3330500875.jpg
3293700521,satellite_images\3293700521.jpg
366000095,satellite_images\366000095.jpg
3224510300,satellite_images\3224510300.jpg
8594400060,satellite_images\8594400060.jpg
8818400490,satellite_images\8818400490.jpg
3023000050,satellite_images\3023000050.jpg
4077800258,satellite_images\4077800258.jpg
5100403405,satellite_images\5100403405.jpg
3629970870,satellite_images\3629970870.jpg
8822901301,satellite_images\8822901301.jpg
4083305870,satellite_images\4083305870.jpg
1931300412,satellite_images\1931300412.jpg
267000130,satellite_images\267000130.jpg
1322059002,satellite_images\1322059002.jpg
3361401210,satellite_images\3361401210.jpg
7338001190,satellite_images\7338001190.jpg
1473200170,satellite_images\1473200170.jpg
6873000190,satellite_images\6873000190.jpg
3888100176,satellite_images\3888100176.jpg
2021200058,satellite_images\2021200058.jpg
1233100710,satellite_images\1233100710.jpg
844000965,satellite_images\844000965.jpg
5499700045,satellite_images\5499700045.jpg
8562900430,satellite_images\8562900430.jpg
2215500230,satellite_images\2215500230.jpg
1472800160,satellite_images\1472800160.jpg
3356402020,satellite_images\3356402020.jpg
9523102660,satellite_images\9523102660.jpg
5101403915,satellite_images\5101403915.jpg
984210120,satellite_images\984210120.jpg
3501600185,satellite_images\3501600185.jpg
408100110,satellite_images\408100110.jpg
7129302185,satellite_images\7129302185.jpg
251500080,satellite_images\251500080.jpg
2324039100,satellite_images\2324039100.jpg
8699100321,satellite_images\8699100321.jpg
3278603000,satellite_images\3278603000.jpg
3860400060,satellite_images\3860400060.jpg
5379804730,satellite_images\5379804730.jpg
936000055,satellite_images\936000055.jpg
126039256,satellite_images\126039256.jpg
226039075,satellite_images\226039075.jpg
1164000040,satellite_images\1164000040.jpg
1133000694,satellite_images\1133000694.jpg
5210200077,satellite_images\5210200077.jpg
6751300130,satellite_images\6751300130.jpg
2025700270,satellite_images\2025700270.jpg
8081650330,satellite_images\8081650330.jpg
2226069018,satellite_images\2226069018.jpg
8121200700,satellite_images\8121200700.jpg
9545240070,satellite_images\9545240070.jpg
9268851020,satellite_images\9268851020.jpg
9310300215,satellite_images\9310300215.jpg
7805450870,satellite_images\7805450870.jpg
7806300030,satellite_images\7806300030.jpg
1797500985,satellite_images\1797500985.jpg
2891000680,satellite_images\2891000680.jpg
1873400020,satellite_images\1873400020.jpg
3296900280,satellite_images\3296900280.jpg
2473440070,satellite_images\2473440070.jpg
7857003318,satellite_images\7857003318.jpg
9183701085,satellite_images\9183701085.jpg
8122100595,satellite_images\8122100595.jpg
7424700145,satellite_images\7424700145.jpg
1689401526,satellite_images\1689401526.jpg
5214510060,satellite_images\5214510060.jpg
5700000446,satellite_images\5700000446.jpg
6127010320,satellite_images\6127010320.jpg
4415600040,satellite_images\4415600040.jpg
4438400020,satellite_images\4438400020.jpg
7304300470,satellite_images\7304300470.jpg
9310300300,satellite_images\9310300300.jpg
8856940060,satellite_images\8856940060.jpg
4426600125,satellite_images\4426600125.jpg
7626200305,satellite_images\7626200305.jpg
6743700335,satellite_images\6743700335.jpg
2155000160,satellite_images\2155000160.jpg
923000414,satellite_images\923000414.jpg
4443800130,satellite_images\4443800130.jpg
203900690,satellite_images\203900690.jpg
809001505,satellite_images\809001505.jpg
3352401981,satellite_images\3352401981.jpg
1934800180,satellite_images\1934800180.jpg
1402000070,satellite_images\1402000070.jpg
1974200020,satellite_images\1974200020.jpg
7524600120,satellite_images\7524600120.jpg
2320069111,satellite_images\2320069111.jpg
4223000140,satellite_images\4223000140.jpg
3649100304,satellite_images\3649100304.jpg
952004875,satellite_images\952004875.jpg
1493300115,satellite_images\1493300115.jpg
7519000225,satellite_images\7519000225.jpg
9578060230,satellite_images\9578060230.jpg
8691300420,satellite_images\8691300420.jpg
240000058,satellite_images\240000058.jpg
9297300055,satellite_images\9297300055.jpg
3592500800,satellite_images\3592500800.jpg
925069071,satellite_images\925069071.jpg
7893202340,satellite_images\7893202340.jpg
5559200051,satellite_images\5559200051.jpg
1826059042,satellite_images\1826059042.jpg
3348401584,satellite_images\3348401584.jpg
3204800200,satellite_images\3204800200.jpg
3579000800,satellite_images\3579000800.jpg
3421079032,satellite_images\3421079032.jpg
6082400083,satellite_images\6082400083.jpg
2436700610,satellite_images\2436700610.jpg
3327000140,satellite_images\3327000140.jpg
6205500030,satellite_images\6205500030.jpg
1117200170,satellite_images\1117200170.jpg
8732800090,satellite_images\8732800090.jpg
9276201140,satellite_images\9276201140.jpg
7857003953,satellite_images\7857003953.jpg
3223039010,satellite_images\3223039010.jpg
7683800200,satellite_images\7683800200.jpg
7626200235,satellite_images\7626200235.jpg
2787700030,satellite_images\2787700030.jpg
7787100390,satellite_images\7787100390.jpg
5379805460,satellite_images\5379805460.jpg
9324800650,satellite_images\9324800650.jpg
8856004400,satellite_images\8856004400.jpg
9547200835,satellite_images\9547200835.jpg
2721059173,satellite_images\2721059173.jpg
3876312290,satellite_images\3876312290.jpg
8682291970,satellite_images\8682291970.jpg
8651441620,satellite_images\8651441620.jpg
2877102196,satellite_images\2877102196.jpg
1523069072,satellite_images\1523069072.jpg
2818600115,satellite_images\2818600115.jpg
2824069142,satellite_images\2824069142.jpg
284000025,satellite_images\284000025.jpg
9151600541,satellite_images\9151600541.jpg
4137030040,satellite_images\4137030040.jpg
5037300130,satellite_images\5037300130.jpg
1525059190,satellite_images\1525059190.jpg
8093600065,satellite_images\8093600065.jpg
1939120050,satellite_images\1939120050.jpg
7893800335,satellite_images\7893800335.jpg
5631500866,satellite_images\5631500866.jpg
6169900545,satellite_images\6169900545.jpg
8564860280,satellite_images\8564860280.jpg
7205850030,satellite_images\7205850030.jpg
5651500140,satellite_images\5651500140.jpg
8121101380,satellite_images\8121101380.jpg
3022039071,satellite_images\3022039071.jpg
3835500585,satellite_images\3835500585.jpg
5652601155,satellite_images\5652601155.jpg
3876300890,satellite_images\3876300890.jpg
5057100090,satellite_images\5057100090.jpg
8899210610,satellite_images\8899210610.jpg
561000300,satellite_images\561000300.jpg
3026079005,satellite_images\3026079005.jpg
6815100095,satellite_images\6815100095.jpg
3528900770,satellite_images\3528900770.jpg
2770601595,satellite_images\2770601595.jpg
1081330210,satellite_images\1081330210.jpg
3034200660,satellite_images\3034200660.jpg
8849300320,satellite_images\8849300320.jpg
871001365,satellite_images\871001365.jpg
5422420120,satellite_images\5422420120.jpg
4441300416,satellite_images\4441300416.jpg
3342103369,satellite_images\3342103369.jpg
1568100300,satellite_images\1568100300.jpg
8712100575,satellite_images\8712100575.jpg
7853220120,satellite_images\7853220120.jpg
7805450560,satellite_images\7805450560.jpg
2113701095,satellite_images\2113701095.jpg
4060000020,satellite_images\4060000020.jpg
1938400520,satellite_images\1938400520.jpg
5560001130,satellite_images\5560001130.jpg
7202340190,satellite_images\7202340190.jpg
3303980140,satellite_images\3303980140.jpg
6388910360,satellite_images\6388910360.jpg
9290850810,satellite_images\9290850810.jpg
795000620,satellite_images\795000620.jpg
6073300750,satellite_images\6073300750.jpg
4055701200,satellite_images\4055701200.jpg
8651580660,satellite_images\8651580660.jpg
5249803885,satellite_images\5249803885.jpg
3026059341,satellite_images\3026059341.jpg
1776460140,satellite_images\1776460140.jpg
3342700464,satellite_images\3342700464.jpg
6083000050,satellite_images\6083000050.jpg
9346700270,satellite_images\9346700270.jpg
8011100050,satellite_images\8011100050.jpg
2768100690,satellite_images\2768100690.jpg
2211700290,satellite_images\2211700290.jpg
5104531290,satellite_images\5104531290.jpg
1931300665,satellite_images\1931300665.jpg
6064800470,satellite_images\6064800470.jpg
1795910420,satellite_images\1795910420.jpg
11510310,satellite_images\11510310.jpg
8078520280,satellite_images\8078520280.jpg
2028701000,satellite_images\2028701000.jpg
8024202170,satellite_images\8024202170.jpg
4136920030,satellite_images\4136920030.jpg
3792400110,satellite_images\3792400110.jpg
6681500205,satellite_images\6681500205.jpg
2676500080,satellite_images\2676500080.jpg
3343302110,satellite_images\3343302110.jpg
993001914,satellite_images\993001914.jpg
1626079132,satellite_images\1626079132.jpg
7697920160,satellite_images\7697920160.jpg
8562790310,satellite_images\8562790310.jpg
1875500040,satellite_images\1875500040.jpg
1822069097,satellite_images\1822069097.jpg
7839300185,satellite_images\7839300185.jpg
3530210180,satellite_images\3530210180.jpg
9113600210,satellite_images\9113600210.jpg
2154550020,satellite_images\2154550020.jpg
1624049092,satellite_images\1624049092.jpg
6821600390,satellite_images\6821600390.jpg
2571910420,satellite_images\2571910420.jpg
3581000210,satellite_images\3581000210.jpg
3438500037,satellite_images\3438500037.jpg
2212900470,satellite_images\2212900470.jpg
3715500170,satellite_images\3715500170.jpg
2771603610,satellite_images\2771603610.jpg
4147200040,satellite_images\4147200040.jpg
1250200414,satellite_images\1250200414.jpg
1423400160,satellite_images\1423400160.jpg
6381500700,satellite_images\6381500700.jpg
2553300140,satellite_images\2553300140.jpg
4310701577,satellite_images\4310701577.jpg
7203100550,satellite_images\7203100550.jpg
7983000200,satellite_images\7983000200.jpg
5162100650,satellite_images\5162100650.jpg
4128000020,satellite_images\4128000020.jpg
5419800090,satellite_images\5419800090.jpg
1530900560,satellite_images\1530900560.jpg
5104530560,satellite_images\5104530560.jpg
9137101353,satellite_images\9137101353.jpg
2569600150,satellite_images\2569600150.jpg
3421069118,satellite_images\3421069118.jpg
1424069044,satellite_images\1424069044.jpg
1332200100,satellite_images\1332200100.jpg
8016200530,satellite_images\8016200530.jpg
8658300340,satellite_images\8658300340.jpg
5631500941,satellite_images\5631500941.jpg
2619920110,satellite_images\2619920110.jpg
301402120,satellite_images\301402120.jpg
6837700175,satellite_images\6837700175.jpg
425069102,satellite_images\425069102.jpg
1773100967,satellite_images\1773100967.jpg
3830610320,satellite_images\3830610320.jpg
6882510060,satellite_images\6882510060.jpg
6450304260,satellite_images\6450304260.jpg
5169700132,satellite_images\5169700132.jpg
1424069056,satellite_images\1424069056.jpg
8098400135,satellite_images\8098400135.jpg
6632900405,satellite_images\6632900405.jpg
3332500636,satellite_images\3332500636.jpg
1118000465,satellite_images\1118000465.jpg
9287801455,satellite_images\9287801455.jpg
1823049171,satellite_images\1823049171.jpg
9269200120,satellite_images\9269200120.jpg
2436701180,satellite_images\2436701180.jpg
4139430910,satellite_images\4139430910.jpg
8682282210,satellite_images\8682282210.jpg
9578500690,satellite_images\9578500690.jpg
1724069059,satellite_images\1724069059.jpg
3398800055,satellite_images\3398800055.jpg
9378700190,satellite_images\9378700190.jpg
326069027,satellite_images\326069027.jpg
3992700326,satellite_images\3992700326.jpg
9412200730,satellite_images\9412200730.jpg
7843500080,satellite_images\7843500080.jpg
9510900710,satellite_images\9510900710.jpg
822059038,satellite_images\822059038.jpg
7852030310,satellite_images\7852030310.jpg
2123049114,satellite_images\2123049114.jpg
3303860160,satellite_images\3303860160.jpg
1432400095,satellite_images\1432400095.jpg
2767604253,satellite_images\2767604253.jpg
3145600045,satellite_images\3145600045.jpg
7702020030,satellite_images\7702020030.jpg
4166800320,satellite_images\4166800320.jpg
3918400097,satellite_images\3918400097.jpg
809002390,satellite_images\809002390.jpg
2028700535,satellite_images\2028700535.jpg
1710400007,satellite_images\1710400007.jpg
2781270550,satellite_images\2781270550.jpg
4025300210,satellite_images\4025300210.jpg
3211100730,satellite_images\3211100730.jpg
3821700038,satellite_images\3821700038.jpg
7935000280,satellite_images\7935000280.jpg
6308000010,satellite_images\6308000010.jpg
7454000315,satellite_images\7454000315.jpg
2473002700,satellite_images\2473002700.jpg
7701961220,satellite_images\7701961220.jpg
2205500030,satellite_images\2205500030.jpg
8029200135,satellite_images\8029200135.jpg
5267000180,satellite_images\5267000180.jpg
2781230020,satellite_images\2781230020.jpg
538000030,satellite_images\538000030.jpg
2349300060,satellite_images\2349300060.jpg
1560800110,satellite_images\1560800110.jpg
1622069127,satellite_images\1622069127.jpg
868001402,satellite_images\868001402.jpg
4222100280,satellite_images\4222100280.jpg
3322049126,satellite_images\3322049126.jpg
7202270930,satellite_images\7202270930.jpg
1115600130,satellite_images\1115600130.jpg
3754501235,satellite_images\3754501235.jpg
421000430,satellite_images\421000430.jpg
1523560030,satellite_images\1523560030.jpg
1922069099,satellite_images\1922069099.jpg
6131600255,satellite_images\6131600255.jpg
7849201061,satellite_images\7849201061.jpg
7010700580,satellite_images\7010700580.jpg
1624049087,satellite_images\1624049087.jpg
2113700500,satellite_images\2113700500.jpg
2461900845,satellite_images\2461900845.jpg
9264920870,satellite_images\9264920870.jpg
2705600067,satellite_images\2705600067.jpg
4058200985,satellite_images\4058200985.jpg
6893300350,satellite_images\6893300350.jpg
4039400430,satellite_images\4039400430.jpg
2926049376,satellite_images\2926049376.jpg
7504001340,satellite_images\7504001340.jpg
1025049254,satellite_images\1025049254.jpg
7694600143,satellite_images\7694600143.jpg
1588600110,satellite_images\1588600110.jpg
4017050260,satellite_images\4017050260.jpg
6843000080,satellite_images\6843000080.jpg
3876311350,satellite_images\3876311350.jpg
1934800086,satellite_images\1934800086.jpg
1823069059,satellite_images\1823069059.jpg
5249801720,satellite_images\5249801720.jpg
2600140070,satellite_images\2600140070.jpg
2954400190,satellite_images\2954400190.jpg
8161010060,satellite_images\8161010060.jpg
3416601021,satellite_images\3416601021.jpg
9264920270,satellite_images\9264920270.jpg
5502700005,satellite_images\5502700005.jpg
1149600120,satellite_images\1149600120.jpg
538000440,satellite_images\538000440.jpg
5456000135,satellite_images\5456000135.jpg
9468200175,satellite_images\9468200175.jpg
6430000945,satellite_images\6430000945.jpg
8122600145,satellite_images\8122600145.jpg
3701900085,satellite_images\3701900085.jpg
3622059155,satellite_images\3622059155.jpg
4140090320,satellite_images\4140090320.jpg
2475900170,satellite_images\2475900170.jpg
5493100366,satellite_images\5493100366.jpg
4058801240,satellite_images\4058801240.jpg
2787311480,satellite_images\2787311480.jpg
2856100381,satellite_images\2856100381.jpg
9477201620,satellite_images\9477201620.jpg
114101055,satellite_images\114101055.jpg
9113200020,satellite_images\9113200020.jpg
8682300640,satellite_images\8682300640.jpg
1794501415,satellite_images\1794501415.jpg
321049090,satellite_images\321049090.jpg
1087900050,satellite_images\1087900050.jpg
1328320280,satellite_images\1328320280.jpg
8143000490,satellite_images\8143000490.jpg
1180003090,satellite_images\1180003090.jpg
23500180,satellite_images\23500180.jpg
1972205338,satellite_images\1972205338.jpg
4254000220,satellite_images\4254000220.jpg
9126101121,satellite_images\9126101121.jpg
6181700625,satellite_images\6181700625.jpg
2622029072,satellite_images\2622029072.jpg
5560000640,satellite_images\5560000640.jpg
2523039054,satellite_images\2523039054.jpg
4083306553,satellite_images\4083306553.jpg
1025069210,satellite_images\1025069210.jpg
293800410,satellite_images\293800410.jpg
9541800065,satellite_images\9541800065.jpg
6665800060,satellite_images\6665800060.jpg
3750606890,satellite_images\3750606890.jpg
4427100145,satellite_images\4427100145.jpg
2025059201,satellite_images\2025059201.jpg
7443000985,satellite_images\7443000985.jpg
9405800040,satellite_images\9405800040.jpg
7280300196,satellite_images\7280300196.jpg
2222039011,satellite_images\2222039011.jpg
1454100260,satellite_images\1454100260.jpg
3751606514,satellite_images\3751606514.jpg
7568700260,satellite_images\7568700260.jpg
1891100130,satellite_images\1891100130.jpg
120059044,satellite_images\120059044.jpg
1524069044,satellite_images\1524069044.jpg
1726069179,satellite_images\1726069179.jpg
2767604592,satellite_images\2767604592.jpg
114101505,satellite_images\114101505.jpg
3528900160,satellite_images\3528900160.jpg
7211400850,satellite_images\7211400850.jpg
4401200130,satellite_images\4401200130.jpg
7309100070,satellite_images\7309100070.jpg
7856620050,satellite_images\7856620050.jpg
7852190320,satellite_images\7852190320.jpg
8143600015,satellite_images\8143600015.jpg
1823059030,satellite_images\1823059030.jpg
2301400540,satellite_images\2301400540.jpg
5452800495,satellite_images\5452800495.jpg
5453700060,satellite_images\5453700060.jpg
2911700020,satellite_images\2911700020.jpg
8722101360,satellite_images\8722101360.jpg
2767604551,satellite_images\2767604551.jpg
2771101251,satellite_images\2771101251.jpg
7202330370,satellite_images\7202330370.jpg
1776230220,satellite_images\1776230220.jpg
1954440080,satellite_images\1954440080.jpg
1423089162,satellite_images\1423089162.jpg
2206500110,satellite_images\2206500110.jpg
1180005050,satellite_images\1180005050.jpg
5116000250,satellite_images\5116000250.jpg
293800870,satellite_images\293800870.jpg
5126400230,satellite_images\5126400230.jpg
3727800065,satellite_images\3727800065.jpg
4031000520,satellite_images\4031000520.jpg
3630020150,satellite_images\3630020150.jpg
5101400862,satellite_images\5101400862.jpg
4403600270,satellite_images\4403600270.jpg
8924100111,satellite_images\8924100111.jpg
1423089118,satellite_images\1423089118.jpg
824059140,satellite_images\824059140.jpg
9521100586,satellite_images\9521100586.jpg
2722059322,satellite_images\2722059322.jpg
2976800550,satellite_images\2976800550.jpg
8698100170,satellite_images\8698100170.jpg
7579200600,satellite_images\7579200600.jpg
8035350090,satellite_images\8035350090.jpg
4457300005,satellite_images\4457300005.jpg
226039282,satellite_images\226039282.jpg
4166600610,satellite_images\4166600610.jpg
1137300340,satellite_images\1137300340.jpg
6979940050,satellite_images\6979940050.jpg
5101404444,satellite_images\5101404444.jpg
3990000050,satellite_images\3990000050.jpg
2206700070,satellite_images\2206700070.jpg
824059324,satellite_images\824059324.jpg
1959701745,satellite_images\1959701745.jpg
8945300040,satellite_images\8945300040.jpg
3124089060,satellite_images\3124089060.jpg
3179102155,satellite_images\3179102155.jpg
923049203,satellite_images\923049203.jpg
8079050010,satellite_images\8079050010.jpg
9445300045,satellite_images\9445300045.jpg
5561000330,satellite_images\5561000330.jpg
3824100235,satellite_images\3824100235.jpg
1003400245,satellite_images\1003400245.jpg
9238430190,satellite_images\9238430190.jpg
4112100165,satellite_images\4112100165.jpg
6341000221,satellite_images\6341000221.jpg
5700002460,satellite_images\5700002460.jpg
1313500070,satellite_images\1313500070.jpg
6619910230,satellite_images\6619910230.jpg
7877400245,satellite_images\7877400245.jpg
3229200040,satellite_images\3229200040.jpg
7338402160,satellite_images\7338402160.jpg
6163901381,satellite_images\6163901381.jpg
5363200100,satellite_images\5363200100.jpg
4365200620,satellite_images\4365200620.jpg
3421069049,satellite_images\3421069049.jpg
8078570390,satellite_images\8078570390.jpg
2011400791,satellite_images\2011400791.jpg
1062100075,satellite_images\1062100075.jpg
8691330910,satellite_images\8691330910.jpg
3528000210,satellite_images\3528000210.jpg
4054710090,satellite_images\4054710090.jpg
9346700320,satellite_images\9346700320.jpg
6169901006,satellite_images\6169901006.jpg
8025700590,satellite_images\8025700590.jpg
2387600010,satellite_images\2387600010.jpg
6163901751,satellite_images\6163901751.jpg
9265700005,satellite_images\9265700005.jpg
1938400410,satellite_images\1938400410.jpg
1786200010,satellite_images\1786200010.jpg
7230000350,satellite_images\7230000350.jpg
2771104830,satellite_images\2771104830.jpg
4136890280,satellite_images\4136890280.jpg
6123000225,satellite_images\6123000225.jpg
7950300775,satellite_images\7950300775.jpg
3888100128,satellite_images\3888100128.jpg
2769600590,satellite_images\2769600590.jpg
621069113,satellite_images\621069113.jpg
2473480310,satellite_images\2473480310.jpg
525049174,satellite_images\525049174.jpg
3629870200,satellite_images\3629870200.jpg
2810100023,satellite_images\2810100023.jpg
822079033,satellite_images\822079033.jpg
1438000120,satellite_images\1438000120.jpg
1455100116,satellite_images\1455100116.jpg
9423400140,satellite_images\9423400140.jpg
305010190,satellite_images\305010190.jpg
4006000251,satellite_images\4006000251.jpg
41000454,satellite_images\41000454.jpg
1328340120,satellite_images\1328340120.jpg
5428000070,satellite_images\5428000070.jpg
9465200181,satellite_images\9465200181.jpg
3216900070,satellite_images\3216900070.jpg
7202350310,satellite_images\7202350310.jpg
976000790,satellite_images\976000790.jpg
6300500475,satellite_images\6300500475.jpg
7454001075,satellite_images\7454001075.jpg
617000089,satellite_images\617000089.jpg
4078300024,satellite_images\4078300024.jpg
7787120260,satellite_images\7787120260.jpg
1193000450,satellite_images\1193000450.jpg
5104510340,satellite_images\5104510340.jpg
4356200210,satellite_images\4356200210.jpg
1524079093,satellite_images\1524079093.jpg
9358001566,satellite_images\9358001566.jpg
4440900040,satellite_images\4440900040.jpg
7625702431,satellite_images\7625702431.jpg
7399300120,satellite_images\7399300120.jpg
3275000090,satellite_images\3275000090.jpg
3343301490,satellite_images\3343301490.jpg
1441800030,satellite_images\1441800030.jpg
745000005,satellite_images\745000005.jpg
7011200260,satellite_images\7011200260.jpg
9320600170,satellite_images\9320600170.jpg
5141000685,satellite_images\5141000685.jpg
7137900490,satellite_images\7137900490.jpg
4047200300,satellite_images\4047200300.jpg
625100181,satellite_images\625100181.jpg
1775800290,satellite_images\1775800290.jpg
7625702505,satellite_images\7625702505.jpg
2126049096,satellite_images\2126049096.jpg
1796350570,satellite_images\1796350570.jpg
6046400755,satellite_images\6046400755.jpg
1105000360,satellite_images\1105000360.jpg
7657600025,satellite_images\7657600025.jpg
7202270440,satellite_images\7202270440.jpg
8848400020,satellite_images\8848400020.jpg
7853221010,satellite_images\7853221010.jpg
2472950350,satellite_images\2472950350.jpg
3213200250,satellite_images\3213200250.jpg
6852700412,satellite_images\6852700412.jpg
7613700860,satellite_images\7613700860.jpg
3630010040,satellite_images\3630010040.jpg
1513800080,satellite_images\1513800080.jpg
9407101180,satellite_images\9407101180.jpg
9542800700,satellite_images\9542800700.jpg
226059106,satellite_images\226059106.jpg
3630240020,satellite_images\3630240020.jpg
5245400030,satellite_images\5245400030.jpg
4022900569,satellite_images\4022900569.jpg
6117502220,satellite_images\6117502220.jpg
1596600024,satellite_images\1596600024.jpg
6140100095,satellite_images\6140100095.jpg
2634500005,satellite_images\2634500005.jpg
8901000445,satellite_images\8901000445.jpg
339600070,satellite_images\339600070.jpg
1245500250,satellite_images\1245500250.jpg
339600010,satellite_images\339600010.jpg
9273200140,satellite_images\9273200140.jpg
5315101728,satellite_images\5315101728.jpg
9522350090,satellite_images\9522350090.jpg
7347600490,satellite_images\7347600490.jpg
2212200100,satellite_images\2212200100.jpg
3288301030,satellite_images\3288301030.jpg
321030070,satellite_images\321030070.jpg
5249802660,satellite_images\5249802660.jpg
8080400045,satellite_images\8080400045.jpg
4060000440,satellite_images\4060000440.jpg
3623059027,satellite_images\3623059027.jpg
9264911210,satellite_images\9264911210.jpg
2832100270,satellite_images\2832100270.jpg
421049116,satellite_images\421049116.jpg
1427300120,satellite_images\1427300120.jpg
6600000217,satellite_images\6600000217.jpg
3629160060,satellite_images\3629160060.jpg
2600010220,satellite_images\2600010220.jpg
126059018,satellite_images\126059018.jpg
5469502780,satellite_images\5469502780.jpg
3893100319,satellite_images\3893100319.jpg
2523039310,satellite_images\2523039310.jpg
3630160610,satellite_images\3630160610.jpg
5606000233,satellite_images\5606000233.jpg
5709200030,satellite_images\5709200030.jpg
9895000040,satellite_images\9895000040.jpg
4468400214,satellite_images\4468400214.jpg
3256400060,satellite_images\3256400060.jpg
486000520,satellite_images\486000520.jpg
1321720140,satellite_images\1321720140.jpg
1568100060,satellite_images\1568100060.jpg
424500100,satellite_images\424500100.jpg
1545802100,satellite_images\1545802100.jpg
1453602065,satellite_images\1453602065.jpg
3630030440,satellite_images\3630030440.jpg
3124049196,satellite_images\3124049196.jpg
625049281,satellite_images\625049281.jpg
1312900180,satellite_images\1312900180.jpg
7849201600,satellite_images\7849201600.jpg
9550202140,satellite_images\9550202140.jpg
2624049117,satellite_images\2624049117.jpg
5615100330,satellite_images\5615100330.jpg
1126049095,satellite_images\1126049095.jpg
7351200295,satellite_images\7351200295.jpg
1702901180,satellite_images\1702901180.jpg
7851200040,satellite_images\7851200040.jpg
7996700220,satellite_images\7996700220.jpg
7625702277,satellite_images\7625702277.jpg
7417700664,satellite_images\7417700664.jpg
5151800015,satellite_images\5151800015.jpg
8016300250,satellite_images\8016300250.jpg
2938100005,satellite_images\2938100005.jpg
4006000571,satellite_images\4006000571.jpg
6072100490,satellite_images\6072100490.jpg
3832500230,satellite_images\3832500230.jpg
6099400293,satellite_images\6099400293.jpg
7537300210,satellite_images\7537300210.jpg
1917300105,satellite_images\1917300105.jpg
2391600335,satellite_images\2391600335.jpg
5466380050,satellite_images\5466380050.jpg
1432900350,satellite_images\1432900350.jpg
5648600010,satellite_images\5648600010.jpg
2324800110,satellite_images\2324800110.jpg
2624049115,satellite_images\2624049115.jpg
9274200314,satellite_images\9274200314.jpg
127100005,satellite_images\127100005.jpg
2763710060,satellite_images\2763710060.jpg
1233100642,satellite_images\1233100642.jpg
8148600020,satellite_images\8148600020.jpg
8945100320,satellite_images\8945100320.jpg
3024079063,satellite_images\3024079063.jpg
6788200295,satellite_images\6788200295.jpg
3900500110,satellite_images\3900500110.jpg
2802200100,satellite_images\2802200100.jpg
8805900430,satellite_images\8805900430.jpg
5149300100,satellite_images\5149300100.jpg
4246000180,satellite_images\4246000180.jpg
100300280,satellite_images\100300280.jpg
2817210420,satellite_images\2817210420.jpg
1423049019,satellite_images\1423049019.jpg
6852700477,satellite_images\6852700477.jpg
8085400355,satellite_images\8085400355.jpg
9532000500,satellite_images\9532000500.jpg
461002050,satellite_images\461002050.jpg
5360200052,satellite_images\5360200052.jpg
2131701020,satellite_images\2131701020.jpg
1924059319,satellite_images\1924059319.jpg
1974300020,satellite_images\1974300020.jpg
59000201,satellite_images\59000201.jpg
3352401090,satellite_images\3352401090.jpg
4139440480,satellite_images\4139440480.jpg
5152000030,satellite_images\5152000030.jpg
6384500035,satellite_images\6384500035.jpg
8562770350,satellite_images\8562770350.jpg
1003400155,satellite_images\1003400155.jpg
5556800260,satellite_images\5556800260.jpg
2212200050,satellite_images\2212200050.jpg
6117502727,satellite_images\6117502727.jpg
2856100185,satellite_images\2856100185.jpg
6648150150,satellite_images\6648150150.jpg
6675500133,satellite_images\6675500133.jpg
5100403876,satellite_images\5100403876.jpg
2826079145,satellite_images\2826079145.jpg
3134100162,satellite_images\3134100162.jpg
7454001125,satellite_images\7454001125.jpg
1300301840,satellite_images\1300301840.jpg
8122600195,satellite_images\8122600195.jpg
9499200220,satellite_images\9499200220.jpg
8083400066,satellite_images\8083400066.jpg
2492201005,satellite_images\2492201005.jpg
423049067,satellite_images\423049067.jpg
4178501020,satellite_images\4178501020.jpg
3750605620,satellite_images\3750605620.jpg
3244500037,satellite_images\3244500037.jpg
6791050450,satellite_images\6791050450.jpg
7205510370,satellite_images\7205510370.jpg
5162100660,satellite_images\5162100660.jpg
6908200080,satellite_images\6908200080.jpg
4322200105,satellite_images\4322200105.jpg
3423059109,satellite_images\3423059109.jpg
9352900695,satellite_images\9352900695.jpg
263000164,satellite_images\263000164.jpg
6352600680,satellite_images\6352600680.jpg
323059327,satellite_images\323059327.jpg
1853200190,satellite_images\1853200190.jpg
1310430130,satellite_images\1310430130.jpg
1333300145,satellite_images\1333300145.jpg
1152700120,satellite_images\1152700120.jpg
1773100510,satellite_images\1773100510.jpg
5318101040,satellite_images\5318101040.jpg
4321200600,satellite_images\4321200600.jpg
3333002710,satellite_images\3333002710.jpg
423059077,satellite_images\423059077.jpg
8856003525,satellite_images\8856003525.jpg
3758900075,satellite_images\3758900075.jpg
5088500210,satellite_images\5088500210.jpg
567000268,satellite_images\567000268.jpg
4006000509,satellite_images\4006000509.jpg
9522100485,satellite_images\9522100485.jpg
4141680190,satellite_images\4141680190.jpg
6638900115,satellite_images\6638900115.jpg
6665800030,satellite_images\6665800030.jpg
3333002440,satellite_images\3333002440.jpg
5456000280,satellite_images\5456000280.jpg
7972602080,satellite_images\7972602080.jpg
2143700935,satellite_images\2143700935.jpg
1721801161,satellite_images\1721801161.jpg
2111010080,satellite_images\2111010080.jpg
7569450090,satellite_images\7569450090.jpg
8956000120,satellite_images\8956000120.jpg
7893800250,satellite_images\7893800250.jpg
4073200757,satellite_images\4073200757.jpg
4139400280,satellite_images\4139400280.jpg
2492200335,satellite_images\2492200335.jpg
724069065,satellite_images\724069065.jpg
3832050580,satellite_images\3832050580.jpg
1152600220,satellite_images\1152600220.jpg
9238430660,satellite_images\9238430660.jpg
7680400050,satellite_images\7680400050.jpg
7203220410,satellite_images\7203220410.jpg
5662100110,satellite_images\5662100110.jpg
8821900155,satellite_images\8821900155.jpg
2436701200,satellite_images\2436701200.jpg
224069094,satellite_images\224069094.jpg
6163901913,satellite_images\6163901913.jpg
2613200025,satellite_images\2613200025.jpg
3260100330,satellite_images\3260100330.jpg
7972602510,satellite_images\7972602510.jpg
6072000440,satellite_images\6072000440.jpg
8011100125,satellite_images\8011100125.jpg
6666830430,satellite_images\6666830430.jpg
5100400315,satellite_images\5100400315.jpg
7203140270,satellite_images\7203140270.jpg
4379400560,satellite_images\4379400560.jpg
5318101075,satellite_images\5318101075.jpg
3425059206,satellite_images\3425059206.jpg
7589700106,satellite_images\7589700106.jpg
9521100106,satellite_images\9521100106.jpg
6300000212,satellite_images\6300000212.jpg
4100000140,satellite_images\4100000140.jpg
9346700280,satellite_images\9346700280.jpg
1070000110,satellite_images\1070000110.jpg
3723800086,satellite_images\3723800086.jpg
7340600068,satellite_images\7340600068.jpg
5031300011,satellite_images\5031300011.jpg
3131201105,satellite_images\3131201105.jpg
5102400025,satellite_images\5102400025.jpg
8121200810,satellite_images\8121200810.jpg
777100005,satellite_images\777100005.jpg
6669010120,satellite_images\6669010120.jpg
3693900885,satellite_images\3693900885.jpg
8682262240,satellite_images\8682262240.jpg
9357000215,satellite_images\9357000215.jpg
1402950550,satellite_images\1402950550.jpg
6170900190,satellite_images\6170900190.jpg
3448001412,satellite_images\3448001412.jpg
2881700522,satellite_images\2881700522.jpg
2731600080,satellite_images\2731600080.jpg
7972601235,satellite_images\7972601235.jpg
4139430410,satellite_images\4139430410.jpg
826079094,satellite_images\826079094.jpg
1423600020,satellite_images\1423600020.jpg
3222049151,satellite_images\3222049151.jpg
2804600010,satellite_images\2804600010.jpg
4058200040,satellite_images\4058200040.jpg
269000950,satellite_images\269000950.jpg
643500060,satellite_images\643500060.jpg
7308600050,satellite_images\7308600050.jpg
4058800135,satellite_images\4058800135.jpg
3816300105,satellite_images\3816300105.jpg
9552701000,satellite_images\9552701000.jpg
3221079069,satellite_images\3221079069.jpg
3751606606,satellite_images\3751606606.jpg
3904910050,satellite_images\3904910050.jpg
7805460030,satellite_images\7805460030.jpg
1250201680,satellite_images\1250201680.jpg
2985800070,satellite_images\2985800070.jpg
626059155,satellite_images\626059155.jpg
1442880570,satellite_images\1442880570.jpg
1545807610,satellite_images\1545807610.jpg
1925059200,satellite_images\1925059200.jpg
1826049225,satellite_images\1826049225.jpg
3275860240,satellite_images\3275860240.jpg
2558720120,satellite_images\2558720120.jpg
6929600945,satellite_images\6929600945.jpg
2425069069,satellite_images\2425069069.jpg
1922039062,satellite_images\1922039062.jpg
170000060,satellite_images\170000060.jpg
7852130640,satellite_images\7852130640.jpg
1546600230,satellite_images\1546600230.jpg
8682230760,satellite_images\8682230760.jpg
2193300620,satellite_images\2193300620.jpg
4040400200,satellite_images\4040400200.jpg
7229900285,satellite_images\7229900285.jpg
6600000050,satellite_images\6600000050.jpg
8562710550,satellite_images\8562710550.jpg
2607760680,satellite_images\2607760680.jpg
5547500070,satellite_images\5547500070.jpg
546000910,satellite_images\546000910.jpg
1150000400,satellite_images\1150000400.jpg
6300500275,satellite_images\6300500275.jpg
2122049013,satellite_images\2122049013.jpg
7715800710,satellite_images\7715800710.jpg
6386300120,satellite_images\6386300120.jpg
2619920010,satellite_images\2619920010.jpg
7831800110,satellite_images\7831800110.jpg
3832710450,satellite_images\3832710450.jpg
7625700935,satellite_images\7625700935.jpg
7462900015,satellite_images\7462900015.jpg
1891100090,satellite_images\1891100090.jpg
2592210150,satellite_images\2592210150.jpg
4137070830,satellite_images\4137070830.jpg
9552700140,satellite_images\9552700140.jpg
722059233,satellite_images\722059233.jpg
2998800125,satellite_images\2998800125.jpg
7226000110,satellite_images\7226000110.jpg
952003350,satellite_images\952003350.jpg
853200010,satellite_images\853200010.jpg
9512200140,satellite_images\9512200140.jpg
4364700600,satellite_images\4364700600.jpg
8685500020,satellite_images\8685500020.jpg
2688100075,satellite_images\2688100075.jpg
1383800015,satellite_images\1383800015.jpg
5437810360,satellite_images\5437810360.jpg
1422029117,satellite_images\1422029117.jpg
6705870040,satellite_images\6705870040.jpg
7525410120,satellite_images\7525410120.jpg
9834201145,satellite_images\9834201145.jpg
5244801255,satellite_images\5244801255.jpg
3751604653,satellite_images\3751604653.jpg
5249802085,satellite_images\5249802085.jpg
1623049145,satellite_images\1623049145.jpg
5248800440,satellite_images\5248800440.jpg
1825079086,satellite_images\1825079086.jpg
2770600841,satellite_images\2770600841.jpg
5589300210,satellite_images\5589300210.jpg
5249803036,satellite_images\5249803036.jpg
2767603890,satellite_images\2767603890.jpg
2026049183,satellite_images\2026049183.jpg
6638900405,satellite_images\6638900405.jpg
1328330780,satellite_images\1328330780.jpg
825059270,satellite_images\825059270.jpg
1105000229,satellite_images\1105000229.jpg
1775910270,satellite_images\1775910270.jpg
293070090,satellite_images\293070090.jpg
3751603173,satellite_images\3751603173.jpg
6802200280,satellite_images\6802200280.jpg
8151601090,satellite_images\8151601090.jpg
6749700002,satellite_images\6749700002.jpg
2721049061,satellite_images\2721049061.jpg
4174600055,satellite_images\4174600055.jpg
452001310,satellite_images\452001310.jpg
3600600065,satellite_images\3600600065.jpg
6383000150,satellite_images\6383000150.jpg
7013200280,satellite_images\7013200280.jpg
7527000020,satellite_images\7527000020.jpg
6028000090,satellite_images\6028000090.jpg
2597670080,satellite_images\2597670080.jpg
2770605548,satellite_images\2770605548.jpg
3021059197,satellite_images\3021059197.jpg
4310703070,satellite_images\4310703070.jpg
7217400389,satellite_images\7217400389.jpg
6699300330,satellite_images\6699300330.jpg
5451200520,satellite_images\5451200520.jpg
3323059027,satellite_images\3323059027.jpg
1370801435,satellite_images\1370801435.jpg
2112700370,satellite_images\2112700370.jpg
3585900045,satellite_images\3585900045.jpg
3339900096,satellite_images\3339900096.jpg
3241600027,satellite_images\3241600027.jpg
2122059077,satellite_images\2122059077.jpg
3117100130,satellite_images\3117100130.jpg
1952200220,satellite_images\1952200220.jpg
9839300125,satellite_images\9839300125.jpg
3905000200,satellite_images\3905000200.jpg
2224079086,satellite_images\2224079086.jpg
635000145,satellite_images\635000145.jpg
7853321110,satellite_images\7853321110.jpg
2193300390,satellite_images\2193300390.jpg
7632400400,satellite_images\7632400400.jpg
7104100065,satellite_images\7104100065.jpg
4136930190,satellite_images\4136930190.jpg
2227900040,satellite_images\2227900040.jpg
318390180,satellite_images\318390180.jpg
3424069215,satellite_images\3424069215.jpg
4137060270,satellite_images\4137060270.jpg
1687900170,satellite_images\1687900170.jpg
8802400411,satellite_images\8802400411.jpg
9133600120,satellite_images\9133600120.jpg
6372000060,satellite_images\6372000060.jpg
1566100595,satellite_images\1566100595.jpg
7550800916,satellite_images\7550800916.jpg
856000985,satellite_images\856000985.jpg
9290850800,satellite_images\9290850800.jpg
7940700260,satellite_images\7940700260.jpg
1931300870,satellite_images\1931300870.jpg
6154500030,satellite_images\6154500030.jpg
7977201065,satellite_images\7977201065.jpg
3904901840,satellite_images\3904901840.jpg
1175001135,satellite_images\1175001135.jpg
4037000185,satellite_images\4037000185.jpg
1837010040,satellite_images\1837010040.jpg
1324300018,satellite_images\1324300018.jpg
4327100045,satellite_images\4327100045.jpg
7663700531,satellite_images\7663700531.jpg
8005100025,satellite_images\8005100025.jpg
7781600025,satellite_images\7781600025.jpg
4233400340,satellite_images\4233400340.jpg
1446401550,satellite_images\1446401550.jpg
3325059177,satellite_images\3325059177.jpg
8149600265,satellite_images\8149600265.jpg
1672000020,satellite_images\1672000020.jpg
3300701575,satellite_images\3300701575.jpg
818500490,satellite_images\818500490.jpg
8113600004,satellite_images\8113600004.jpg
2722069077,satellite_images\2722069077.jpg
1328320350,satellite_images\1328320350.jpg
4232400400,satellite_images\4232400400.jpg
4078300040,satellite_images\4078300040.jpg
164000174,satellite_images\164000174.jpg
4188300030,satellite_images\4188300030.jpg
2734100732,satellite_images\2734100732.jpg
1180005280,satellite_images\1180005280.jpg
9270200160,satellite_images\9270200160.jpg
2648500030,satellite_images\2648500030.jpg
2473350470,satellite_images\2473350470.jpg
7234600098,satellite_images\7234600098.jpg
4022905473,satellite_images\4022905473.jpg
8950500250,satellite_images\8950500250.jpg
8562900180,satellite_images\8562900180.jpg
3888100022,satellite_images\3888100022.jpg
126039413,satellite_images\126039413.jpg
7805450810,satellite_images\7805450810.jpg
9406520290,satellite_images\9406520290.jpg
9268200050,satellite_images\9268200050.jpg
323069158,satellite_images\323069158.jpg
5016003230,satellite_images\5016003230.jpg
9268200380,satellite_images\9268200380.jpg
4124000320,satellite_images\4124000320.jpg
5014000085,satellite_images\5014000085.jpg
7234601544,satellite_images\7234601544.jpg
3023039231,satellite_images\3023039231.jpg
1425039029,satellite_images\1425039029.jpg
3205200640,satellite_images\3205200640.jpg
641900050,satellite_images\641900050.jpg
2919702655,satellite_images\2919702655.jpg
4449800480,satellite_images\4449800480.jpg
5089700300,satellite_images\5089700300.jpg
5379805910,satellite_images\5379805910.jpg
3586500700,satellite_images\3586500700.jpg
1623049214,satellite_images\1623049214.jpg
6450302900,satellite_images\6450302900.jpg
2968801130,satellite_images\2968801130.jpg
3449850050,satellite_images\3449850050.jpg
8698600080,satellite_images\8698600080.jpg
3336000791,satellite_images\3336000791.jpg
1151100010,satellite_images\1151100010.jpg
2023049206,satellite_images\2023049206.jpg
7203600560,satellite_images\7203600560.jpg
4233400280,satellite_images\4233400280.jpg
3321079060,satellite_images\3321079060.jpg
6362900080,satellite_images\6362900080.jpg
4139430340,satellite_images\4139430340.jpg
7202330170,satellite_images\7202330170.jpg
2131701075,satellite_images\2131701075.jpg
2597710050,satellite_images\2597710050.jpg
7140600055,satellite_images\7140600055.jpg
7853310720,satellite_images\7853310720.jpg
6977000080,satellite_images\6977000080.jpg
3243100080,satellite_images\3243100080.jpg
1853000530,satellite_images\1853000530.jpg
2597650240,satellite_images\2597650240.jpg
4385700285,satellite_images\4385700285.jpg
9492500010,satellite_images\9492500010.jpg
2310050110,satellite_images\2310050110.jpg
9100000040,satellite_images\9100000040.jpg
6672920150,satellite_images\6672920150.jpg
5104510720,satellite_images\5104510720.jpg
5015001045,satellite_images\5015001045.jpg
4305600040,satellite_images\4305600040.jpg
2610100015,satellite_images\2610100015.jpg
2473371570,satellite_images\2473371570.jpg
7708300140,satellite_images\7708300140.jpg
7853250070,satellite_images\7853250070.jpg
8078550320,satellite_images\8078550320.jpg
6817750140,satellite_images\6817750140.jpg
4038500330,satellite_images\4038500330.jpg
2124079093,satellite_images\2124079093.jpg
3348401622,satellite_images\3348401622.jpg
104510340,satellite_images\104510340.jpg
2025049175,satellite_images\2025049175.jpg
1923000260,satellite_images\1923000260.jpg
6817750440,satellite_images\6817750440.jpg
3416600750,satellite_images\3416600750.jpg
6411600043,satellite_images\6411600043.jpg
7212680860,satellite_images\7212680860.jpg
3092000030,satellite_images\3092000030.jpg
3363400655,satellite_images\3363400655.jpg
723049132,satellite_images\723049132.jpg
4036400030,satellite_images\4036400030.jpg
1136100087,satellite_images\1136100087.jpg
2854800095,satellite_images\2854800095.jpg
2026049097,satellite_images\2026049097.jpg
4389200753,satellite_images\4389200753.jpg
6979970140,satellite_images\6979970140.jpg
567000401,satellite_images\567000401.jpg
8925100255,satellite_images\8925100255.jpg
3524039202,satellite_images\3524039202.jpg
7504001320,satellite_images\7504001320.jpg
9545230140,satellite_images\9545230140.jpg
723049219,satellite_images\723049219.jpg
782700120,satellite_images\782700120.jpg
8078350220,satellite_images\8078350220.jpg
3262300940,satellite_images\3262300940.jpg
6187100360,satellite_images\6187100360.jpg
6084200060,satellite_images\6084200060.jpg
7940700050,satellite_images\7940700050.jpg
2322069010,satellite_images\2322069010.jpg
3920900220,satellite_images\3920900220.jpg
1785400300,satellite_images\1785400300.jpg
7237550020,satellite_images\7237550020.jpg
8687800150,satellite_images\8687800150.jpg
2781600195,satellite_images\2781600195.jpg
6804600990,satellite_images\6804600990.jpg
1483300570,satellite_images\1483300570.jpg
1761600050,satellite_images\1761600050.jpg
5100402782,satellite_images\5100402782.jpg
2946000751,satellite_images\2946000751.jpg
1200021,satellite_images\1200021.jpg
9478500770,satellite_images\9478500770.jpg
3026059363,satellite_images\3026059363.jpg
3832050890,satellite_images\3832050890.jpg
9103000365,satellite_images\9103000365.jpg
8564600080,satellite_images\8564600080.jpg
9407001770,satellite_images\9407001770.jpg
3867400130,satellite_images\3867400130.jpg
1473120140,satellite_images\1473120140.jpg
8562890910,satellite_images\8562890910.jpg
3904990430,satellite_images\3904990430.jpg
3121500330,satellite_images\3121500330.jpg
8001100030,satellite_images\8001100030.jpg
2210500019,satellite_images\2210500019.jpg
7135520780,satellite_images\7135520780.jpg
8663240180,satellite_images\8663240180.jpg
4337000335,satellite_images\4337000335.jpg
1924069039,satellite_images\1924069039.jpg
7950302255,satellite_images\7950302255.jpg
6738700335,satellite_images\6738700335.jpg
3819750170,satellite_images\3819750170.jpg
7785000010,satellite_images\7785000010.jpg
182000350,satellite_images\182000350.jpg
2025800080,satellite_images\2025800080.jpg
1922059102,satellite_images\1922059102.jpg
3580900290,satellite_images\3580900290.jpg
3179100060,satellite_images\3179100060.jpg
11510700,satellite_images\11510700.jpg
6624300110,satellite_images\6624300110.jpg
4019300195,satellite_images\4019300195.jpg
1081800070,satellite_images\1081800070.jpg
2011400405,satellite_images\2011400405.jpg
4379400260,satellite_images\4379400260.jpg
567000408,satellite_images\567000408.jpg
6641040100,satellite_images\6641040100.jpg
324000530,satellite_images\324000530.jpg
7214800190,satellite_images\7214800190.jpg
2579500101,satellite_images\2579500101.jpg
1223039173,satellite_images\1223039173.jpg
7016200030,satellite_images\7016200030.jpg
2460500020,satellite_images\2460500020.jpg
3370000150,satellite_images\3370000150.jpg
1604600790,satellite_images\1604600790.jpg
6708200040,satellite_images\6708200040.jpg
4218400671,satellite_images\4218400671.jpg
7454000470,satellite_images\7454000470.jpg
7954300460,satellite_images\7954300460.jpg
1722069052,satellite_images\1722069052.jpg
7305300370,satellite_images\7305300370.jpg
4154305290,satellite_images\4154305290.jpg
1217000481,satellite_images\1217000481.jpg
4019300480,satellite_images\4019300480.jpg
3623500049,satellite_images\3623500049.jpg
9459200110,satellite_images\9459200110.jpg
6430500233,satellite_images\6430500233.jpg
8669160460,satellite_images\8669160460.jpg
9828700200,satellite_images\9828700200.jpg
8024200674,satellite_images\8024200674.jpg
1422059039,satellite_images\1422059039.jpg
8682320900,satellite_images\8682320900.jpg
8832900155,satellite_images\8832900155.jpg
7691800130,satellite_images\7691800130.jpg
1454100010,satellite_images\1454100010.jpg
8562700410,satellite_images\8562700410.jpg
9523102750,satellite_images\9523102750.jpg
1321730470,satellite_images\1321730470.jpg
2516000486,satellite_images\2516000486.jpg
7231300125,satellite_images\7231300125.jpg
8899210090,satellite_images\8899210090.jpg
4168000060,satellite_images\4168000060.jpg
6743700090,satellite_images\6743700090.jpg
1853000030,satellite_images\1853000030.jpg
1593000690,satellite_images\1593000690.jpg
6150200375,satellite_images\6150200375.jpg
2621420060,satellite_images\2621420060.jpg
3319500628,satellite_images\3319500628.jpg
7518507055,satellite_images\7518507055.jpg
7503000050,satellite_images\7503000050.jpg
7237450100,satellite_images\7237450100.jpg
257000038,satellite_images\257000038.jpg
2423010130,satellite_images\2423010130.jpg
7457400250,satellite_images\7457400250.jpg
1771100440,satellite_images\1771100440.jpg
6632900574,satellite_images\6632900574.jpg
6613000935,satellite_images\6613000935.jpg
795002450,satellite_images\795002450.jpg
7657600195,satellite_images\7657600195.jpg
6199000141,satellite_images\6199000141.jpg
3260810110,satellite_images\3260810110.jpg
3331500485,satellite_images\3331500485.jpg
1732800820,satellite_images\1732800820.jpg
1921059045,satellite_images\1921059045.jpg
4122500095,satellite_images\4122500095.jpg
3980300371,satellite_images\3980300371.jpg
538000390,satellite_images\538000390.jpg
7304300720,satellite_images\7304300720.jpg
5288200070,satellite_images\5288200070.jpg
9578060660,satellite_images\9578060660.jpg
9828201920,satellite_images\9828201920.jpg
4389201064,satellite_images\4389201064.jpg
2310060040,satellite_images\2310060040.jpg
9274200735,satellite_images\9274200735.jpg
8937600080,satellite_images\8937600080.jpg
3205400230,satellite_images\3205400230.jpg
7300400580,satellite_images\7300400580.jpg
7655900187,satellite_images\7655900187.jpg
8854100220,satellite_images\8854100220.jpg
2473100010,satellite_images\2473100010.jpg
9385200041,satellite_images\9385200041.jpg
6884800262,satellite_images\6884800262.jpg
2871000400,satellite_images\2871000400.jpg
984220330,satellite_images\984220330.jpg
4008400515,satellite_images\4008400515.jpg
8563000300,satellite_images\8563000300.jpg
1189000030,satellite_images\1189000030.jpg
8857640210,satellite_images\8857640210.jpg
5101402276,satellite_images\5101402276.jpg
3260800190,satellite_images\3260800190.jpg
9187200285,satellite_images\9187200285.jpg
328000182,satellite_images\328000182.jpg
4057300030,satellite_images\4057300030.jpg
6895300050,satellite_images\6895300050.jpg
1274500060,satellite_images\1274500060.jpg
255550100,satellite_images\255550100.jpg
5071400485,satellite_images\5071400485.jpg
7549801140,satellite_images\7549801140.jpg
8699100160,satellite_images\8699100160.jpg
5101405604,satellite_images\5101405604.jpg
6450301530,satellite_images\6450301530.jpg
7905200230,satellite_images\7905200230.jpg
2025600280,satellite_images\2025600280.jpg
2138800060,satellite_images\2138800060.jpg
123059127,satellite_images\123059127.jpg
3905080250,satellite_images\3905080250.jpg
3709600180,satellite_images\3709600180.jpg
7167000040,satellite_images\7167000040.jpg
9407000600,satellite_images\9407000600.jpg
3396200300,satellite_images\3396200300.jpg
3797001900,satellite_images\3797001900.jpg
7335400065,satellite_images\7335400065.jpg
7683800212,satellite_images\7683800212.jpg
423059369,satellite_images\423059369.jpg
6802210090,satellite_images\6802210090.jpg
6669250100,satellite_images\6669250100.jpg
2944010210,satellite_images\2944010210.jpg
4452300130,satellite_images\4452300130.jpg
3840700593,satellite_images\3840700593.jpg
6600060150,satellite_images\6600060150.jpg
3438502437,satellite_images\3438502437.jpg
7987400356,satellite_images\7987400356.jpg
1099600010,satellite_images\1099600010.jpg
6788203060,satellite_images\6788203060.jpg
5001700040,satellite_images\5001700040.jpg
4123800260,satellite_images\4123800260.jpg
3395800295,satellite_images\3395800295.jpg
5611500100,satellite_images\5611500100.jpg
9185700485,satellite_images\9185700485.jpg
7399100040,satellite_images\7399100040.jpg
8617000020,satellite_images\8617000020.jpg
53500760,satellite_images\53500760.jpg
3558900070,satellite_images\3558900070.jpg
2873000780,satellite_images\2873000780.jpg
8091400200,satellite_images\8091400200.jpg
9542840450,satellite_images\9542840450.jpg
2473370110,satellite_images\2473370110.jpg
1722049154,satellite_images\1722049154.jpg
9206200110,satellite_images\9206200110.jpg
513000550,satellite_images\513000550.jpg
4473400195,satellite_images\4473400195.jpg
1189000130,satellite_images\1189000130.jpg
7613700950,satellite_images\7613700950.jpg
2968800825,satellite_images\2968800825.jpg
5727500019,satellite_images\5727500019.jpg
1770000130,satellite_images\1770000130.jpg
3445400120,satellite_images\3445400120.jpg
2021200770,satellite_images\2021200770.jpg
984000410,satellite_images\984000410.jpg
8665200020,satellite_images\8665200020.jpg
7197300105,satellite_images\7197300105.jpg
2921700060,satellite_images\2921700060.jpg
3278611610,satellite_images\3278611610.jpg
442000175,satellite_images\442000175.jpg
7812800775,satellite_images\7812800775.jpg
8961960160,satellite_images\8961960160.jpg
1926059099,satellite_images\1926059099.jpg
925069100,satellite_images\925069100.jpg
6905200215,satellite_images\6905200215.jpg
3885805175,satellite_images\3885805175.jpg
7950304045,satellite_images\7950304045.jpg
415100010,satellite_images\415100010.jpg
4472000040,satellite_images\4472000040.jpg
9184700535,satellite_images\9184700535.jpg
8078440050,satellite_images\8078440050.jpg
3903200050,satellite_images\3903200050.jpg
1623089165,satellite_images\1623089165.jpg
1592000260,satellite_images\1592000260.jpg
7614100080,satellite_images\7614100080.jpg
6169901085,satellite_images\6169901085.jpg
2522069064,satellite_images\2522069064.jpg
1828000230,satellite_images\1828000230.jpg
582000644,satellite_images\582000644.jpg
2473100090,satellite_images\2473100090.jpg
1560870470,satellite_images\1560870470.jpg
4083800345,satellite_images\4083800345.jpg
1591600307,satellite_images\1591600307.jpg
1919800090,satellite_images\1919800090.jpg
7214720510,satellite_images\7214720510.jpg
8068000305,satellite_images\8068000305.jpg
1788800610,satellite_images\1788800610.jpg
1245003330,satellite_images\1245003330.jpg
4123800320,satellite_images\4123800320.jpg
2807100095,satellite_images\2807100095.jpg
200800480,satellite_images\200800480.jpg
8924600020,satellite_images\8924600020.jpg
3580900260,satellite_images\3580900260.jpg
2025059204,satellite_images\2025059204.jpg
2264500890,satellite_images\2264500890.jpg
3869900136,satellite_images\3869900136.jpg
2474300050,satellite_images\2474300050.jpg
5104511730,satellite_images\5104511730.jpg
7905200130,satellite_images\7905200130.jpg
1773100921,satellite_images\1773100921.jpg
136000220,satellite_images\136000220.jpg
7760400470,satellite_images\7760400470.jpg
1042700290,satellite_images\1042700290.jpg
3232200095,satellite_images\3232200095.jpg
6072650290,satellite_images\6072650290.jpg
2475200370,satellite_images\2475200370.jpg
534000112,satellite_images\534000112.jpg
8648100130,satellite_images\8648100130.jpg
7950303290,satellite_images\7950303290.jpg
1442740140,satellite_images\1442740140.jpg
7234601140,satellite_images\7234601140.jpg
421049254,satellite_images\421049254.jpg
3761100240,satellite_images\3761100240.jpg
8861000235,satellite_images\8861000235.jpg
4324500180,satellite_images\4324500180.jpg
7922900040,satellite_images\7922900040.jpg
9498200046,satellite_images\9498200046.jpg
2147300050,satellite_images\2147300050.jpg
1223039195,satellite_images\1223039195.jpg
4443801340,satellite_images\4443801340.jpg
4003000053,satellite_images\4003000053.jpg
9550200265,satellite_images\9550200265.jpg
1332000100,satellite_images\1332000100.jpg
9294300615,satellite_images\9294300615.jpg
3276930370,satellite_images\3276930370.jpg
9809000020,satellite_images\9809000020.jpg
6790200180,satellite_images\6790200180.jpg
476000335,satellite_images\476000335.jpg
7137950720,satellite_images\7137950720.jpg
9357001010,satellite_images\9357001010.jpg
204000175,satellite_images\204000175.jpg
2697400020,satellite_images\2697400020.jpg
924000040,satellite_images\924000040.jpg
1137400460,satellite_images\1137400460.jpg
6639900012,satellite_images\6639900012.jpg
6329000190,satellite_images\6329000190.jpg
8956200770,satellite_images\8956200770.jpg
325059086,satellite_images\325059086.jpg
3629980440,satellite_images\3629980440.jpg
5083000375,satellite_images\5083000375.jpg
9266700256,satellite_images\9266700256.jpg
2568800121,satellite_images\2568800121.jpg
2473000680,satellite_images\2473000680.jpg
1721059069,satellite_images\1721059069.jpg
4083802195,satellite_images\4083802195.jpg
217500135,satellite_images\217500135.jpg
7452500730,satellite_images\7452500730.jpg
3747600050,satellite_images\3747600050.jpg
7300400200,satellite_images\7300400200.jpg
224059021,satellite_images\224059021.jpg
8944360080,satellite_images\8944360080.jpg
9376301520,satellite_images\9376301520.jpg
5418200295,satellite_images\5418200295.jpg
714000315,satellite_images\714000315.jpg
8965400010,satellite_images\8965400010.jpg
2274000026,satellite_images\2274000026.jpg
4046600750,satellite_images\4046600750.jpg
5631501161,satellite_images\5631501161.jpg
3864000090,satellite_images\3864000090.jpg
1370801565,satellite_images\1370801565.jpg
2380000190,satellite_images\2380000190.jpg
2143700756,satellite_images\2143700756.jpg
9293000170,satellite_images\9293000170.jpg
312000135,satellite_images\312000135.jpg
3330500920,satellite_images\3330500920.jpg
5606000255,satellite_images\5606000255.jpg
3500100208,satellite_images\3500100208.jpg
8699800060,satellite_images\8699800060.jpg
8692800025,satellite_images\8692800025.jpg
1980200015,satellite_images\1980200015.jpg
5457300696,satellite_images\5457300696.jpg
4263200030,satellite_images\4263200030.jpg
7202340370,satellite_images\7202340370.jpg
868000575,satellite_images\868000575.jpg
3630060040,satellite_images\3630060040.jpg
9359100750,satellite_images\9359100750.jpg
9268200658,satellite_images\9268200658.jpg
3754700050,satellite_images\3754700050.jpg
1568100290,satellite_images\1568100290.jpg
1925069199,satellite_images\1925069199.jpg
1370803640,satellite_images\1370803640.jpg
1117200190,satellite_images\1117200190.jpg
7625702451,satellite_images\7625702451.jpg
4048400070,satellite_images\4048400070.jpg
7345000340,satellite_images\7345000340.jpg
7504001440,satellite_images\7504001440.jpg
7202340860,satellite_images\7202340860.jpg
1912100882,satellite_images\1912100882.jpg
4232900250,satellite_images\4232900250.jpg
767000159,satellite_images\767000159.jpg
2525049148,satellite_images\2525049148.jpg
452002005,satellite_images\452002005.jpg
2767704302,satellite_images\2767704302.jpg
1703050520,satellite_images\1703050520.jpg
6450303950,satellite_images\6450303950.jpg
7399000230,satellite_images\7399000230.jpg
7227800180,satellite_images\7227800180.jpg
7614100020,satellite_images\7614100020.jpg
3260810590,satellite_images\3260810590.jpg
8096600050,satellite_images\8096600050.jpg
5101404898,satellite_images\5101404898.jpg
5605000430,satellite_images\5605000430.jpg
7312400075,satellite_images\7312400075.jpg
9363600457,satellite_images\9363600457.jpg
4233800020,satellite_images\4233800020.jpg
3530510041,satellite_images\3530510041.jpg
3422059085,satellite_images\3422059085.jpg
6300000364,satellite_images\6300000364.jpg
824079032,satellite_images\824079032.jpg
6163901271,satellite_images\6163901271.jpg
8126300360,satellite_images\8126300360.jpg
3066410080,satellite_images\3066410080.jpg
8682292090,satellite_images\8682292090.jpg
226059121,satellite_images\226059121.jpg
6117500160,satellite_images\6117500160.jpg
2771603940,satellite_images\2771603940.jpg
2447500015,satellite_images\2447500015.jpg
2767704345,satellite_images\2767704345.jpg
7518506717,satellite_images\7518506717.jpg
9475710170,satellite_images\9475710170.jpg
7225000140,satellite_images\7225000140.jpg
1898310100,satellite_images\1898310100.jpg
6600060160,satellite_images\6600060160.jpg
1327600190,satellite_images\1327600190.jpg
6382500020,satellite_images\6382500020.jpg
2078500320,satellite_images\2078500320.jpg
2204500480,satellite_images\2204500480.jpg
3668000830,satellite_images\3668000830.jpg
2816900030,satellite_images\2816900030.jpg
2877103111,satellite_images\2877103111.jpg
1245001751,satellite_images\1245001751.jpg
9510970010,satellite_images\9510970010.jpg
3744600028,satellite_images\3744600028.jpg
1972201550,satellite_images\1972201550.jpg
2652500070,satellite_images\2652500070.jpg
5379802816,satellite_images\5379802816.jpg
7504030090,satellite_images\7504030090.jpg
8730600050,satellite_images\8730600050.jpg
7397300170,satellite_images\7397300170.jpg
2490200165,satellite_images\2490200165.jpg
2769602475,satellite_images\2769602475.jpg
4403600240,satellite_images\4403600240.jpg
2024059059,satellite_images\2024059059.jpg
5482700100,satellite_images\5482700100.jpg
5680000260,satellite_images\5680000260.jpg
6300000226,satellite_images\6300000226.jpg
1568100225,satellite_images\1568100225.jpg
1678400105,satellite_images\1678400105.jpg
9268200348,satellite_images\9268200348.jpg
1843100580,satellite_images\1843100580.jpg
8850000285,satellite_images\8850000285.jpg
7789200070,satellite_images\7789200070.jpg
2592401080,satellite_images\2592401080.jpg
2624049167,satellite_images\2624049167.jpg
2324079073,satellite_images\2324079073.jpg
8732900300,satellite_images\8732900300.jpg
2624049169,satellite_images\2624049169.jpg
424000145,satellite_images\424000145.jpg
4014400237,satellite_images\4014400237.jpg
7625704317,satellite_images\7625704317.jpg
5276200020,satellite_images\5276200020.jpg
2115510330,satellite_images\2115510330.jpg
7229900975,satellite_images\7229900975.jpg
9358000550,satellite_images\9358000550.jpg
2770606602,satellite_images\2770606602.jpg
9435300030,satellite_images\9435300030.jpg
1796350300,satellite_images\1796350300.jpg
952004745,satellite_images\952004745.jpg
9527000040,satellite_images\9527000040.jpg
1138000160,satellite_images\1138000160.jpg
6762700020,satellite_images\6762700020.jpg
2524049148,satellite_images\2524049148.jpg
480000170,satellite_images\480000170.jpg
4154302075,satellite_images\4154302075.jpg
4139440610,satellite_images\4139440610.jpg
822069112,satellite_images\822069112.jpg
4364700875,satellite_images\4364700875.jpg
4397650080,satellite_images\4397650080.jpg
8813400165,satellite_images\8813400165.jpg
263000050,satellite_images\263000050.jpg
381000240,satellite_images\381000240.jpg
424049039,satellite_images\424049039.jpg
6710100131,satellite_images\6710100131.jpg
1523059180,satellite_images\1523059180.jpg
8682262230,satellite_images\8682262230.jpg
1773100541,satellite_images\1773100541.jpg
3709500140,satellite_images\3709500140.jpg
259801030,satellite_images\259801030.jpg
3629920860,satellite_images\3629920860.jpg
7201800280,satellite_images\7201800280.jpg
8039900360,satellite_images\8039900360.jpg
1604602195,satellite_images\1604602195.jpg
3918400143,satellite_images\3918400143.jpg
8650100120,satellite_images\8650100120.jpg
4166600230,satellite_images\4166600230.jpg
3277801450,satellite_images\3277801450.jpg
1105000296,satellite_images\1105000296.jpg
1457500026,satellite_images\1457500026.jpg
7853420450,satellite_images\7853420450.jpg
5416510110,satellite_images\5416510110.jpg
3905100630,satellite_images\3905100630.jpg
3629910370,satellite_images\3629910370.jpg
1189000645,satellite_images\1189000645.jpg
2616700450,satellite_images\2616700450.jpg
7254000100,satellite_images\7254000100.jpg
1598600320,satellite_images\1598600320.jpg
5652600185,satellite_images\5652600185.jpg
1311600020,satellite_images\1311600020.jpg
1561600056,satellite_images\1561600056.jpg
6648770240,satellite_images\6648770240.jpg
626059127,satellite_images\626059127.jpg
3630110220,satellite_images\3630110220.jpg
1138010510,satellite_images\1138010510.jpg
7882600332,satellite_images\7882600332.jpg
5101407350,satellite_images\5101407350.jpg
4305200070,satellite_images\4305200070.jpg
8581200240,satellite_images\8581200240.jpg
3204930510,satellite_images\3204930510.jpg
6699930550,satellite_images\6699930550.jpg
7893203480,satellite_images\7893203480.jpg
2473500110,satellite_images\2473500110.jpg
323089095,satellite_images\323089095.jpg
3249500020,satellite_images\3249500020.jpg
1156000250,satellite_images\1156000250.jpg
3303860130,satellite_images\3303860130.jpg
305000310,satellite_images\305000310.jpg
7222000209,satellite_images\7222000209.jpg
8887001192,satellite_images\8887001192.jpg
6882510020,satellite_images\6882510020.jpg
9558050780,satellite_images\9558050780.jpg
8645900080,satellite_images\8645900080.jpg
2473400570,satellite_images\2473400570.jpg
2621700010,satellite_images\2621700010.jpg
6823100225,satellite_images\6823100225.jpg
8563000470,satellite_images\8563000470.jpg
2125400010,satellite_images\2125400010.jpg
5300200050,satellite_images\5300200050.jpg
1509500080,satellite_images\1509500080.jpg
8651411460,satellite_images\8651411460.jpg
2525049263,satellite_images\2525049263.jpg
109210280,satellite_images\109210280.jpg
8698600055,satellite_images\8698600055.jpg
1430800279,satellite_images\1430800279.jpg
2310110120,satellite_images\2310110120.jpg
7011200160,satellite_images\7011200160.jpg
1118001560,satellite_images\1118001560.jpg
4027700456,satellite_images\4027700456.jpg
53500450,satellite_images\53500450.jpg
9828702851,satellite_images\9828702851.jpg
8123450300,satellite_images\8123450300.jpg
3832711040,satellite_images\3832711040.jpg
4046400010,satellite_images\4046400010.jpg
1442800150,satellite_images\1442800150.jpg
2011400662,satellite_images\2011400662.jpg
3586501135,satellite_images\3586501135.jpg
1773100310,satellite_images\1773100310.jpg
7852130100,satellite_images\7852130100.jpg
1250202115,satellite_images\1250202115.jpg
952005224,satellite_images\952005224.jpg
832700170,satellite_images\832700170.jpg
7974200510,satellite_images\7974200510.jpg
8563010540,satellite_images\8563010540.jpg
1323059143,satellite_images\1323059143.jpg
5315100394,satellite_images\5315100394.jpg
2525059134,satellite_images\2525059134.jpg
6893300295,satellite_images\6893300295.jpg
1231000500,satellite_images\1231000500.jpg
2652501470,satellite_images\2652501470.jpg
2807100155,satellite_images\2807100155.jpg
3735901080,satellite_images\3735901080.jpg
9828201202,satellite_images\9828201202.jpg
3158500290,satellite_images\3158500290.jpg
8106300970,satellite_images\8106300970.jpg
3626079032,satellite_images\3626079032.jpg
9521101455,satellite_images\9521101455.jpg
5363200200,satellite_images\5363200200.jpg
5452800310,satellite_images\5452800310.jpg
8079010230,satellite_images\8079010230.jpg
1760650880,satellite_images\1760650880.jpg
3374300070,satellite_images\3374300070.jpg
7830800339,satellite_images\7830800339.jpg
3630060070,satellite_images\3630060070.jpg
6149700350,satellite_images\6149700350.jpg
1995200200,satellite_images\1995200200.jpg
8092501400,satellite_images\8092501400.jpg
2324800070,satellite_images\2324800070.jpg
2303900045,satellite_images\2303900045.jpg
7878400043,satellite_images\7878400043.jpg
2770600795,satellite_images\2770600795.jpg
5647900930,satellite_images\5647900930.jpg
1402950190,satellite_images\1402950190.jpg
3754501205,satellite_images\3754501205.jpg
2267000730,satellite_images\2267000730.jpg
4363700365,satellite_images\4363700365.jpg
1450100070,satellite_images\1450100070.jpg
8101900100,satellite_images\8101900100.jpg
2414600255,satellite_images\2414600255.jpg
9547200790,satellite_images\9547200790.jpg
486000510,satellite_images\486000510.jpg
2329720040,satellite_images\2329720040.jpg
3205200240,satellite_images\3205200240.jpg
7312400030,satellite_images\7312400030.jpg
272000320,satellite_images\272000320.jpg
3330500085,satellite_images\3330500085.jpg
3365900465,satellite_images\3365900465.jpg
4219400580,satellite_images\4219400580.jpg
2767601085,satellite_images\2767601085.jpg
1841400150,satellite_images\1841400150.jpg
4307330070,satellite_images\4307330070.jpg
3800000160,satellite_images\3800000160.jpg
2117700085,satellite_images\2117700085.jpg
1771110720,satellite_images\1771110720.jpg
7697860130,satellite_images\7697860130.jpg
3582750120,satellite_images\3582750120.jpg
6431500140,satellite_images\6431500140.jpg
4083300510,satellite_images\4083300510.jpg
5700004028,satellite_images\5700004028.jpg
2877100235,satellite_images\2877100235.jpg
7853220910,satellite_images\7853220910.jpg
7338220120,satellite_images\7338220120.jpg
9808100150,satellite_images\9808100150.jpg
8961970190,satellite_images\8961970190.jpg
3131201865,satellite_images\3131201865.jpg
5101402435,satellite_images\5101402435.jpg
7131300032,satellite_images\7131300032.jpg
8079000190,satellite_images\8079000190.jpg
7802900504,satellite_images\7802900504.jpg
993000307,satellite_images\993000307.jpg
1775800860,satellite_images\1775800860.jpg
7211300050,satellite_images\7211300050.jpg
7853220740,satellite_images\7853220740.jpg
472000055,satellite_images\472000055.jpg
6752000330,satellite_images\6752000330.jpg
1972201964,satellite_images\1972201964.jpg
5309100295,satellite_images\5309100295.jpg
125039025,satellite_images\125039025.jpg
6149700197,satellite_images\6149700197.jpg
824059293,satellite_images\824059293.jpg
3629700090,satellite_images\3629700090.jpg
3163600076,satellite_images\3163600076.jpg
5101405338,satellite_images\5101405338.jpg
1776230190,satellite_images\1776230190.jpg
7655900031,satellite_images\7655900031.jpg
442000210,satellite_images\442000210.jpg
257000263,satellite_images\257000263.jpg
8081650400,satellite_images\8081650400.jpg
646910150,satellite_images\646910150.jpg
7784400185,satellite_images\7784400185.jpg
6154900070,satellite_images\6154900070.jpg
1426300842,satellite_images\1426300842.jpg
853000261,satellite_images\853000261.jpg
7974200822,satellite_images\7974200822.jpg
8886000005,satellite_images\8886000005.jpg
2621750110,satellite_images\2621750110.jpg
223039229,satellite_images\223039229.jpg
7689600215,satellite_images\7689600215.jpg
6192400400,satellite_images\6192400400.jpg
6821101275,satellite_images\6821101275.jpg
4181200540,satellite_images\4181200540.jpg
9285800180,satellite_images\9285800180.jpg
4037400430,satellite_images\4037400430.jpg
625049286,satellite_images\625049286.jpg
1219000473,satellite_images\1219000473.jpg
2123039032,satellite_images\2123039032.jpg
7129303970,satellite_images\7129303970.jpg
2143700406,satellite_images\2143700406.jpg
4024101990,satellite_images\4024101990.jpg
8651520160,satellite_images\8651520160.jpg
2767704682,satellite_images\2767704682.jpg
7853430690,satellite_images\7853430690.jpg
5608000840,satellite_images\5608000840.jpg
2997800090,satellite_images\2997800090.jpg
3629921240,satellite_images\3629921240.jpg
5468000180,satellite_images\5468000180.jpg
8857320030,satellite_images\8857320030.jpg
7979900215,satellite_images\7979900215.jpg
4473400045,satellite_images\4473400045.jpg
1561910190,satellite_images\1561910190.jpg
109000040,satellite_images\109000040.jpg
6669150790,satellite_images\6669150790.jpg
7379700051,satellite_images\7379700051.jpg
8019700010,satellite_images\8019700010.jpg
2895600680,satellite_images\2895600680.jpg
1561750040,satellite_images\1561750040.jpg
5469502170,satellite_images\5469502170.jpg
2619950060,satellite_images\2619950060.jpg
2421059036,satellite_images\2421059036.jpg
3253500160,satellite_images\3253500160.jpg
8732130680,satellite_images\8732130680.jpg
3876590420,satellite_images\3876590420.jpg
3179102305,satellite_images\3179102305.jpg
4058801310,satellite_images\4058801310.jpg
9414500230,satellite_images\9414500230.jpg
7920100025,satellite_images\7920100025.jpg
6388910040,satellite_images\6388910040.jpg
3902300210,satellite_images\3902300210.jpg
2533300130,satellite_images\2533300130.jpg
5154200015,satellite_images\5154200015.jpg
2158900290,satellite_images\2158900290.jpg
8887001600,satellite_images\8887001600.jpg
3521059134,satellite_images\3521059134.jpg
3831000010,satellite_images\3831000010.jpg
1154100515,satellite_images\1154100515.jpg
9238450160,satellite_images\9238450160.jpg
1898900040,satellite_images\1898900040.jpg
2413910120,satellite_images\2413910120.jpg
7830800473,satellite_images\7830800473.jpg
2895600090,satellite_images\2895600090.jpg
9297300480,satellite_images\9297300480.jpg
2492200956,satellite_images\2492200956.jpg
9126101740,satellite_images\9126101740.jpg
5416510140,satellite_images\5416510140.jpg
7365600070,satellite_images\7365600070.jpg
5104450990,satellite_images\5104450990.jpg
4447300165,satellite_images\4447300165.jpg
5113200310,satellite_images\5113200310.jpg
6379500227,satellite_images\6379500227.jpg
9348700020,satellite_images\9348700020.jpg
3448900290,satellite_images\3448900290.jpg
2600010070,satellite_images\2600010070.jpg
7852130460,satellite_images\7852130460.jpg
859000018,satellite_images\859000018.jpg
1152000040,satellite_images\1152000040.jpg
2163900028,satellite_images\2163900028.jpg
2172000750,satellite_images\2172000750.jpg
8682281480,satellite_images\8682281480.jpg
1370800700,satellite_images\1370800700.jpg
1934800078,satellite_images\1934800078.jpg
2564900470,satellite_images\2564900470.jpg
8964800930,satellite_images\8964800930.jpg
1313000650,satellite_images\1313000650.jpg
2887701970,satellite_images\2887701970.jpg
5095600360,satellite_images\5095600360.jpg
7979900225,satellite_images\7979900225.jpg
2008000420,satellite_images\2008000420.jpg
6145600855,satellite_images\6145600855.jpg
7507500015,satellite_images\7507500015.jpg
7852160170,satellite_images\7852160170.jpg
6415100350,satellite_images\6415100350.jpg
4137010260,satellite_images\4137010260.jpg
8108600464,satellite_images\8108600464.jpg
7211350130,satellite_images\7211350130.jpg
9433000480,satellite_images\9433000480.jpg
2937300520,satellite_images\2937300520.jpg
9324320030,satellite_images\9324320030.jpg
823059185,satellite_images\823059185.jpg
7893206095,satellite_images\7893206095.jpg
84000335,satellite_images\84000335.jpg
2287600035,satellite_images\2287600035.jpg
8024200855,satellite_images\8024200855.jpg
6071600370,satellite_images\6071600370.jpg
3726800285,satellite_images\3726800285.jpg
3260000700,satellite_images\3260000700.jpg
5452301800,satellite_images\5452301800.jpg
3175200220,satellite_images\3175200220.jpg
925059193,satellite_images\925059193.jpg
6911700066,satellite_images\6911700066.jpg
1732800780,satellite_images\1732800780.jpg
3797710020,satellite_images\3797710020.jpg
629810560,satellite_images\629810560.jpg
4027700795,satellite_images\4027700795.jpg
7214790110,satellite_images\7214790110.jpg
3013300510,satellite_images\3013300510.jpg
7215730200,satellite_images\7215730200.jpg
7986400945,satellite_images\7986400945.jpg
7215420370,satellite_images\7215420370.jpg
522069111,satellite_images\522069111.jpg
8802400644,satellite_images\8802400644.jpg
629420080,satellite_images\629420080.jpg
1328300990,satellite_images\1328300990.jpg
1972200751,satellite_images\1972200751.jpg
2482500040,satellite_images\2482500040.jpg
1238900130,satellite_images\1238900130.jpg
3410600080,satellite_images\3410600080.jpg
5416300240,satellite_images\5416300240.jpg
9214400120,satellite_images\9214400120.jpg
1123049053,satellite_images\1123049053.jpg
2206500550,satellite_images\2206500550.jpg
4188000640,satellite_images\4188000640.jpg
646500070,satellite_images\646500070.jpg
1622049182,satellite_images\1622049182.jpg
3705900130,satellite_images\3705900130.jpg
8651442440,satellite_images\8651442440.jpg
1432900030,satellite_images\1432900030.jpg
6072650250,satellite_images\6072650250.jpg
5466700450,satellite_images\5466700450.jpg
1226069045,satellite_images\1226069045.jpg
6379500159,satellite_images\6379500159.jpg
2887702070,satellite_images\2887702070.jpg
4083306045,satellite_images\4083306045.jpg
8085400410,satellite_images\8085400410.jpg
8069000216,satellite_images\8069000216.jpg
7437100340,satellite_images\7437100340.jpg
5379805120,satellite_images\5379805120.jpg
1999600320,satellite_images\1999600320.jpg
3876000970,satellite_images\3876000970.jpg
7279300070,satellite_images\7279300070.jpg
3226079059,satellite_images\3226079059.jpg
6189200260,satellite_images\6189200260.jpg
7971300020,satellite_images\7971300020.jpg
2273600250,satellite_images\2273600250.jpg
8691300260,satellite_images\8691300260.jpg
2473381150,satellite_images\2473381150.jpg
9834201375,satellite_images\9834201375.jpg
1338600225,satellite_images\1338600225.jpg
7964410100,satellite_images\7964410100.jpg
2123049175,satellite_images\2123049175.jpg
7922900250,satellite_images\7922900250.jpg
1865820300,satellite_images\1865820300.jpg
3361402041,satellite_images\3361402041.jpg
1982200015,satellite_images\1982200015.jpg
2005300140,satellite_images\2005300140.jpg
9407110680,satellite_images\9407110680.jpg
322069153,satellite_images\322069153.jpg
725079058,satellite_images\725079058.jpg
3521059124,satellite_images\3521059124.jpg
3336000050,satellite_images\3336000050.jpg
8651200040,satellite_images\8651200040.jpg
3541700170,satellite_images\3541700170.jpg
7334600730,satellite_images\7334600730.jpg
2976800749,satellite_images\2976800749.jpg
9828702251,satellite_images\9828702251.jpg
3339400349,satellite_images\3339400349.jpg
5561300480,satellite_images\5561300480.jpg
4311700120,satellite_images\4311700120.jpg
1005000250,satellite_images\1005000250.jpg
3629980860,satellite_images\3629980860.jpg
7856601040,satellite_images\7856601040.jpg
4310700778,satellite_images\4310700778.jpg
1311300100,satellite_images\1311300100.jpg
5647900120,satellite_images\5647900120.jpg
5683000033,satellite_images\5683000033.jpg
7955000210,satellite_images\7955000210.jpg
8691510290,satellite_images\8691510290.jpg
6381500505,satellite_images\6381500505.jpg
6021502300,satellite_images\6021502300.jpg
8651402660,satellite_images\8651402660.jpg
4024101421,satellite_images\4024101421.jpg
2771603314,satellite_images\2771603314.jpg
3905030330,satellite_images\3905030330.jpg
1742800430,satellite_images\1742800430.jpg
3126049094,satellite_images\3126049094.jpg
1772600665,satellite_images\1772600665.jpg
3798000165,satellite_images\3798000165.jpg
7227502155,satellite_images\7227502155.jpg
104550540,satellite_images\104550540.jpg
192460310,satellite_images\192460310.jpg
2843200085,satellite_images\2843200085.jpg
9274200620,satellite_images\9274200620.jpg
751000060,satellite_images\751000060.jpg
2473003210,satellite_images\2473003210.jpg
5127000670,satellite_images\5127000670.jpg
2287000330,satellite_images\2287000330.jpg
629420480,satellite_images\629420480.jpg
7732410370,satellite_images\7732410370.jpg
7663700030,satellite_images\7663700030.jpg
1562200040,satellite_images\1562200040.jpg
2008000270,satellite_images\2008000270.jpg
4094800380,satellite_images\4094800380.jpg
5147600105,satellite_images\5147600105.jpg
2874600040,satellite_images\2874600040.jpg
3157600615,satellite_images\3157600615.jpg
6603000030,satellite_images\6603000030.jpg
1724500030,satellite_images\1724500030.jpg
1088000030,satellite_images\1088000030.jpg
5468730030,satellite_images\5468730030.jpg
2143700830,satellite_images\2143700830.jpg
5306100240,satellite_images\5306100240.jpg
7199340620,satellite_images\7199340620.jpg
8156600155,satellite_images\8156600155.jpg
9541600255,satellite_images\9541600255.jpg
3127200036,satellite_images\3127200036.jpg
3352402236,satellite_images\3352402236.jpg
1624079088,satellite_images\1624079088.jpg
7853360850,satellite_images\7853360850.jpg
8129700985,satellite_images\8129700985.jpg
2423059060,satellite_images\2423059060.jpg
1250200595,satellite_images\1250200595.jpg
2856101105,satellite_images\2856101105.jpg
3298701070,satellite_images\3298701070.jpg
4137000590,satellite_images\4137000590.jpg
5706201470,satellite_images\5706201470.jpg
8835900010,satellite_images\8835900010.jpg
204000140,satellite_images\204000140.jpg
9178600810,satellite_images\9178600810.jpg
7923700020,satellite_images\7923700020.jpg
7215730070,satellite_images\7215730070.jpg
1139000062,satellite_images\1139000062.jpg
3500100089,satellite_images\3500100089.jpg
6790200110,satellite_images\6790200110.jpg
3599600150,satellite_images\3599600150.jpg
1023089085,satellite_images\1023089085.jpg
7853301520,satellite_images\7853301520.jpg
6844700810,satellite_images\6844700810.jpg
924069106,satellite_images\924069106.jpg
1222069129,satellite_images\1222069129.jpg
2303900090,satellite_images\2303900090.jpg
2473381070,satellite_images\2473381070.jpg
2538400040,satellite_images\2538400040.jpg
2354300456,satellite_images\2354300456.jpg
3755000020,satellite_images\3755000020.jpg
6743700060,satellite_images\6743700060.jpg
3630130130,satellite_images\3630130130.jpg
2112701165,satellite_images\2112701165.jpg
259900160,satellite_images\259900160.jpg
272000125,satellite_images\272000125.jpg
3751602329,satellite_images\3751602329.jpg
9268850860,satellite_images\9268850860.jpg
4222310010,satellite_images\4222310010.jpg
6383000825,satellite_images\6383000825.jpg
7562100065,satellite_images\7562100065.jpg
3760000030,satellite_images\3760000030.jpg
6667400090,satellite_images\6667400090.jpg
114100131,satellite_images\114100131.jpg
9550200310,satellite_images\9550200310.jpg
6619910260,satellite_images\6619910260.jpg
1459920190,satellite_images\1459920190.jpg
6012500100,satellite_images\6012500100.jpg
4024101715,satellite_images\4024101715.jpg
2770601912,satellite_images\2770601912.jpg
6134500070,satellite_images\6134500070.jpg
6072760360,satellite_images\6072760360.jpg
8857600960,satellite_images\8857600960.jpg
669000350,satellite_images\669000350.jpg
5127001320,satellite_images\5127001320.jpg
6067910030,satellite_images\6067910030.jpg
7701930050,satellite_images\7701930050.jpg
2723069129,satellite_images\2723069129.jpg
205000050,satellite_images\205000050.jpg
2597000006,satellite_images\2597000006.jpg
2207200520,satellite_images\2207200520.jpg
2493200325,satellite_images\2493200325.jpg
1441800250,satellite_images\1441800250.jpg
1604601572,satellite_images\1604601572.jpg
3126049436,satellite_images\3126049436.jpg
3982700125,satellite_images\3982700125.jpg
9323600060,satellite_images\9323600060.jpg
7547300120,satellite_images\7547300120.jpg
345700150,satellite_images\345700150.jpg
5569700075,satellite_images\5569700075.jpg
5057100110,satellite_images\5057100110.jpg
7771300155,satellite_images\7771300155.jpg
8029500450,satellite_images\8029500450.jpg
6117500320,satellite_images\6117500320.jpg
726049213,satellite_images\726049213.jpg
8594400350,satellite_images\8594400350.jpg
1246700050,satellite_images\1246700050.jpg
8712100790,satellite_images\8712100790.jpg
3438500924,satellite_images\3438500924.jpg
5694500105,satellite_images\5694500105.jpg
5282200015,satellite_images\5282200015.jpg
8567300150,satellite_images\8567300150.jpg
9406500480,satellite_images\9406500480.jpg
2490200320,satellite_images\2490200320.jpg
2485000100,satellite_images\2485000100.jpg
2291401115,satellite_images\2291401115.jpg
8018600640,satellite_images\8018600640.jpg
2641800015,satellite_images\2641800015.jpg
3126049500,satellite_images\3126049500.jpg
3845100620,satellite_images\3845100620.jpg
4039100350,satellite_images\4039100350.jpg
3347401315,satellite_images\3347401315.jpg
1137500070,satellite_images\1137500070.jpg
2207100650,satellite_images\2207100650.jpg
3862700020,satellite_images\3862700020.jpg
2873000260,satellite_images\2873000260.jpg
1868901275,satellite_images\1868901275.jpg
5135000050,satellite_images\5135000050.jpg
3528000470,satellite_images\3528000470.jpg
7745000090,satellite_images\7745000090.jpg
3279000370,satellite_images\3279000370.jpg
9165100260,satellite_images\9165100260.jpg
9211500150,satellite_images\9211500150.jpg
7312100010,satellite_images\7312100010.jpg
1525059160,satellite_images\1525059160.jpg
5416510530,satellite_images\5416510530.jpg
1022059082,satellite_images\1022059082.jpg
3590000050,satellite_images\3590000050.jpg
7169200221,satellite_images\7169200221.jpg
1061500510,satellite_images\1061500510.jpg
8895800090,satellite_images\8895800090.jpg
6855700080,satellite_images\6855700080.jpg
6928000620,satellite_images\6928000620.jpg
7234601166,satellite_images\7234601166.jpg
3299600040,satellite_images\3299600040.jpg
1003600080,satellite_images\1003600080.jpg
8129700085,satellite_images\8129700085.jpg
7853360470,satellite_images\7853360470.jpg
4376700030,satellite_images\4376700030.jpg
5201810110,satellite_images\5201810110.jpg
2125059123,satellite_images\2125059123.jpg
1921069068,satellite_images\1921069068.jpg
1193000025,satellite_images\1193000025.jpg
1331900110,satellite_images\1331900110.jpg
7864500140,satellite_images\7864500140.jpg
3999300080,satellite_images\3999300080.jpg
1761300650,satellite_images\1761300650.jpg
7258200055,satellite_images\7258200055.jpg
3327000070,satellite_images\3327000070.jpg
1523059201,satellite_images\1523059201.jpg
7787890050,satellite_images\7787890050.jpg
1900000060,satellite_images\1900000060.jpg
7128300855,satellite_images\7128300855.jpg
7231600098,satellite_images\7231600098.jpg
1786640030,satellite_images\1786640030.jpg
9558900010,satellite_images\9558900010.jpg
1862400479,satellite_images\1862400479.jpg
7772000010,satellite_images\7772000010.jpg
6933600456,satellite_images\6933600456.jpg
3995700435,satellite_images\3995700435.jpg
3885808035,satellite_images\3885808035.jpg
2201500980,satellite_images\2201500980.jpg
5104531580,satellite_images\5104531580.jpg
5249802520,satellite_images\5249802520.jpg
2095800250,satellite_images\2095800250.jpg
7340600735,satellite_images\7340600735.jpg
5163700085,satellite_images\5163700085.jpg
5636000210,satellite_images\5636000210.jpg
241900020,satellite_images\241900020.jpg
7129302685,satellite_images\7129302685.jpg
6838800140,satellite_images\6838800140.jpg
9238430680,satellite_images\9238430680.jpg
9808650060,satellite_images\9808650060.jpg
1732800184,satellite_images\1732800184.jpg
7147600070,satellite_images\7147600070.jpg
5056500210,satellite_images\5056500210.jpg
2113700620,satellite_images\2113700620.jpg
7390400069,satellite_images\7390400069.jpg
3157600075,satellite_images\3157600075.jpg
2791500020,satellite_images\2791500020.jpg
9828702588,satellite_images\9828702588.jpg
4139440730,satellite_images\4139440730.jpg
2525310040,satellite_images\2525310040.jpg
9829200590,satellite_images\9829200590.jpg
8731981640,satellite_images\8731981640.jpg
9264902050,satellite_images\9264902050.jpg
2144800215,satellite_images\2144800215.jpg
7272000260,satellite_images\7272000260.jpg
2724069169,satellite_images\2724069169.jpg
6392001005,satellite_images\6392001005.jpg
8820903370,satellite_images\8820903370.jpg
6189200050,satellite_images\6189200050.jpg
1693600080,satellite_images\1693600080.jpg
7504100360,satellite_images\7504100360.jpg
191100870,satellite_images\191100870.jpg
1498303855,satellite_images\1498303855.jpg
7972604001,satellite_images\7972604001.jpg
9544200422,satellite_images\9544200422.jpg
6450304600,satellite_images\6450304600.jpg
3830620300,satellite_images\3830620300.jpg
5637500250,satellite_images\5637500250.jpg
8691370500,satellite_images\8691370500.jpg
8944320100,satellite_images\8944320100.jpg
9406500310,satellite_images\9406500310.jpg
1827200265,satellite_images\1827200265.jpg
2346800005,satellite_images\2346800005.jpg
6163901261,satellite_images\6163901261.jpg
1137800230,satellite_images\1137800230.jpg
6751100125,satellite_images\6751100125.jpg
5101405465,satellite_images\5101405465.jpg
8644400040,satellite_images\8644400040.jpg
7972601900,satellite_images\7972601900.jpg
7972000010,satellite_images\7972000010.jpg
104501040,satellite_images\104501040.jpg
1771000540,satellite_images\1771000540.jpg
7574910490,satellite_images\7574910490.jpg
2451000070,satellite_images\2451000070.jpg
7972604215,satellite_images\7972604215.jpg
8665000040,satellite_images\8665000040.jpg
629600030,satellite_images\629600030.jpg
7130300170,satellite_images\7130300170.jpg
7744500020,satellite_images\7744500020.jpg
4443801590,satellite_images\4443801590.jpg
7974200948,satellite_images\7974200948.jpg
9126100814,satellite_images\9126100814.jpg
274000070,satellite_images\274000070.jpg
546001020,satellite_images\546001020.jpg
3336001360,satellite_images\3336001360.jpg
7518501140,satellite_images\7518501140.jpg
3179101050,satellite_images\3179101050.jpg
5631501073,satellite_images\5631501073.jpg
6414100732,satellite_images\6414100732.jpg
1921069101,satellite_images\1921069101.jpg
5419800330,satellite_images\5419800330.jpg
8074200185,satellite_images\8074200185.jpg
8562780290,satellite_images\8562780290.jpg
8564950300,satellite_images\8564950300.jpg
3578110020,satellite_images\3578110020.jpg
3956900480,satellite_images\3956900480.jpg
2255500125,satellite_images\2255500125.jpg
624069098,satellite_images\624069098.jpg
3885805935,satellite_images\3885805935.jpg
7635801350,satellite_images\7635801350.jpg
4307350990,satellite_images\4307350990.jpg
4215270070,satellite_images\4215270070.jpg
226039317,satellite_images\226039317.jpg
9371700125,satellite_images\9371700125.jpg
2206700215,satellite_images\2206700215.jpg
3996900160,satellite_images\3996900160.jpg
8929000040,satellite_images\8929000040.jpg
7129303180,satellite_images\7129303180.jpg
1924079091,satellite_images\1924079091.jpg
424069233,satellite_images\424069233.jpg
7228500610,satellite_images\7228500610.jpg
2205700350,satellite_images\2205700350.jpg
2155000480,satellite_images\2155000480.jpg
6929603207,satellite_images\6929603207.jpg
5459000305,satellite_images\5459000305.jpg
5628300015,satellite_images\5628300015.jpg
686450080,satellite_images\686450080.jpg
5089700720,satellite_images\5089700720.jpg
5153200030,satellite_images\5153200030.jpg
5500100120,satellite_images\5500100120.jpg
5210200131,satellite_images\5210200131.jpg
7977201865,satellite_images\7977201865.jpg
5151600195,satellite_images\5151600195.jpg
1370802335,satellite_images\1370802335.jpg
9164100035,satellite_images\9164100035.jpg
1518000070,satellite_images\1518000070.jpg
8113101000,satellite_images\8113101000.jpg
8073000550,satellite_images\8073000550.jpg
3303960250,satellite_images\3303960250.jpg
1545804240,satellite_images\1545804240.jpg
6117501820,satellite_images\6117501820.jpg
7214810150,satellite_images\7214810150.jpg
5535600520,satellite_images\5535600520.jpg
7853230720,satellite_images\7853230720.jpg
5468750060,satellite_images\5468750060.jpg
5706200360,satellite_images\5706200360.jpg
3191000030,satellite_images\3191000030.jpg
2320069083,satellite_images\2320069083.jpg
7972000200,satellite_images\7972000200.jpg
2225069062,satellite_images\2225069062.jpg
1526069135,satellite_images\1526069135.jpg
1024069162,satellite_images\1024069162.jpg
5102400105,satellite_images\5102400105.jpg
3095000095,satellite_images\3095000095.jpg
3031200246,satellite_images\3031200246.jpg
923049323,satellite_images\923049323.jpg
2425059174,satellite_images\2425059174.jpg
723049156,satellite_images\723049156.jpg
513000585,satellite_images\513000585.jpg
8032700010,satellite_images\8032700010.jpg
2193330090,satellite_images\2193330090.jpg
2767604712,satellite_images\2767604712.jpg
6431000015,satellite_images\6431000015.jpg
5700004525,satellite_images\5700004525.jpg
2600110560,satellite_images\2600110560.jpg
7524950730,satellite_images\7524950730.jpg
3387800380,satellite_images\3387800380.jpg
395300100,satellite_images\395300100.jpg
7305300090,satellite_images\7305300090.jpg
3356402705,satellite_images\3356402705.jpg
2867100190,satellite_images\2867100190.jpg
7979900680,satellite_images\7979900680.jpg
7857003046,satellite_images\7857003046.jpg
1465400120,satellite_images\1465400120.jpg
9268200550,satellite_images\9268200550.jpg
255470030,satellite_images\255470030.jpg
6181430800,satellite_images\6181430800.jpg
5341600030,satellite_images\5341600030.jpg
871001085,satellite_images\871001085.jpg
3331500940,satellite_images\3331500940.jpg
3880900236,satellite_images\3880900236.jpg
3620069036,satellite_images\3620069036.jpg
2140950160,satellite_images\2140950160.jpg
7525950110,satellite_images\7525950110.jpg
5049800005,satellite_images\5049800005.jpg
191100140,satellite_images\191100140.jpg
2224079050,satellite_images\2224079050.jpg
9482700440,satellite_images\9482700440.jpg
6303400520,satellite_images\6303400520.jpg
6145601890,satellite_images\6145601890.jpg
4022900150,satellite_images\4022900150.jpg
726059047,satellite_images\726059047.jpg
2770602135,satellite_images\2770602135.jpg
5152960330,satellite_images\5152960330.jpg
6071300550,satellite_images\6071300550.jpg
8682230950,satellite_images\8682230950.jpg
7732410380,satellite_images\7732410380.jpg
9136101271,satellite_images\9136101271.jpg
7140200380,satellite_images\7140200380.jpg
6690500320,satellite_images\6690500320.jpg
9528101061,satellite_images\9528101061.jpg
1723099031,satellite_images\1723099031.jpg
2586800210,satellite_images\2586800210.jpg
579000595,satellite_images\579000595.jpg
7192200040,satellite_images\7192200040.jpg
629800520,satellite_images\629800520.jpg
3744000100,satellite_images\3744000100.jpg
1324049015,satellite_images\1324049015.jpg
1823049202,satellite_images\1823049202.jpg
2787720170,satellite_images\2787720170.jpg
8682280260,satellite_images\8682280260.jpg
2126059234,satellite_images\2126059234.jpg
8562780800,satellite_images\8562780800.jpg
2822059181,satellite_images\2822059181.jpg
1865810060,satellite_images\1865810060.jpg
2473400290,satellite_images\2473400290.jpg
625049274,satellite_images\625049274.jpg
8581400450,satellite_images\8581400450.jpg
461001435,satellite_images\461001435.jpg
9542850580,satellite_images\9542850580.jpg
3756100160,satellite_images\3756100160.jpg
3286800370,satellite_images\3286800370.jpg
1974200060,satellite_images\1974200060.jpg
5412100240,satellite_images\5412100240.jpg
6181500100,satellite_images\6181500100.jpg
1825069031,satellite_images\1825069031.jpg
4253400104,satellite_images\4253400104.jpg
6163900073,satellite_images\6163900073.jpg
8089510170,satellite_images\8089510170.jpg
255460330,satellite_images\255460330.jpg
2723069082,satellite_images\2723069082.jpg
2896000450,satellite_images\2896000450.jpg
7905200315,satellite_images\7905200315.jpg
622059019,satellite_images\622059019.jpg
4385701440,satellite_images\4385701440.jpg
9510910250,satellite_images\9510910250.jpg
2126079124,satellite_images\2126079124.jpg
2771101200,satellite_images\2771101200.jpg
9547200340,satellite_images\9547200340.jpg
461001615,satellite_images\461001615.jpg
3723800097,satellite_images\3723800097.jpg
1748800120,satellite_images\1748800120.jpg
1137450120,satellite_images\1137450120.jpg
6140100028,satellite_images\6140100028.jpg
2771602450,satellite_images\2771602450.jpg
2473380400,satellite_images\2473380400.jpg
7301300215,satellite_images\7301300215.jpg
3830620710,satellite_images\3830620710.jpg
3583400130,satellite_images\3583400130.jpg
7852110070,satellite_images\7852110070.jpg
8122100905,satellite_images\8122100905.jpg
5015001215,satellite_images\5015001215.jpg
7805460760,satellite_images\7805460760.jpg
7454001120,satellite_images\7454001120.jpg
643300180,satellite_images\643300180.jpg
1788800080,satellite_images\1788800080.jpg
3528900735,satellite_images\3528900735.jpg
1232000810,satellite_images\1232000810.jpg
9485700175,satellite_images\9485700175.jpg
164000271,satellite_images\164000271.jpg
7237500390,satellite_images\7237500390.jpg
7955040160,satellite_images\7955040160.jpg
3426049153,satellite_images\3426049153.jpg
3585900305,satellite_images\3585900305.jpg
2724049222,satellite_images\2724049222.jpg
3904100089,satellite_images\3904100089.jpg
3438500742,satellite_images\3438500742.jpg
2391602250,satellite_images\2391602250.jpg
8732160050,satellite_images\8732160050.jpg
222069058,satellite_images\222069058.jpg
4310700665,satellite_images\4310700665.jpg
8832900780,satellite_images\8832900780.jpg
7936500109,satellite_images\7936500109.jpg
5561000010,satellite_images\5561000010.jpg
795002455,satellite_images\795002455.jpg
7227502507,satellite_images\7227502507.jpg
9523102420,satellite_images\9523102420.jpg
1336800065,satellite_images\1336800065.jpg
2724069070,satellite_images\2724069070.jpg
1115700040,satellite_images\1115700040.jpg
3705000120,satellite_images\3705000120.jpg
739500050,satellite_images\739500050.jpg
993002108,satellite_images\993002108.jpg
9510900270,satellite_images\9510900270.jpg
9274203036,satellite_images\9274203036.jpg
316000190,satellite_images\316000190.jpg
3022900070,satellite_images\3022900070.jpg
952006680,satellite_images\952006680.jpg
6699000710,satellite_images\6699000710.jpg
2619920030,satellite_images\2619920030.jpg
2423400040,satellite_images\2423400040.jpg
723049596,satellite_images\723049596.jpg
7852020080,satellite_images\7852020080.jpg
7985400089,satellite_images\7985400089.jpg
301401390,satellite_images\301401390.jpg
3448002180,satellite_images\3448002180.jpg
7625702400,satellite_images\7625702400.jpg
2422059015,satellite_images\2422059015.jpg
9392500100,satellite_images\9392500100.jpg
2767603165,satellite_images\2767603165.jpg
1150900060,satellite_images\1150900060.jpg
6791200120,satellite_images\6791200120.jpg
627300145,satellite_images\627300145.jpg
2386000300,satellite_images\2386000300.jpg
2025049006,satellite_images\2025049006.jpg
1022059032,satellite_images\1022059032.jpg
8946750030,satellite_images\8946750030.jpg
7893801760,satellite_images\7893801760.jpg
2162000190,satellite_images\2162000190.jpg
3459410230,satellite_images\3459410230.jpg
7345200400,satellite_images\7345200400.jpg
1062100085,satellite_images\1062100085.jpg
5154700060,satellite_images\5154700060.jpg
6926700660,satellite_images\6926700660.jpg
1705400361,satellite_images\1705400361.jpg
7280300080,satellite_images\7280300080.jpg
8562740290,satellite_images\8562740290.jpg
7936800150,satellite_images\7936800150.jpg
1563100705,satellite_images\1563100705.jpg
9187200045,satellite_images\9187200045.jpg
1105000588,satellite_images\1105000588.jpg
5706200020,satellite_images\5706200020.jpg
2937300040,satellite_images\2937300040.jpg
2979800845,satellite_images\2979800845.jpg
98020140,satellite_images\98020140.jpg
2268000050,satellite_images\2268000050.jpg
1138000250,satellite_images\1138000250.jpg
7527000090,satellite_images\7527000090.jpg
1823059205,satellite_images\1823059205.jpg
4139500410,satellite_images\4139500410.jpg
1785500132,satellite_images\1785500132.jpg
6403510130,satellite_images\6403510130.jpg
1839920160,satellite_images\1839920160.jpg
7424600020,satellite_images\7424600020.jpg
524059250,satellite_images\524059250.jpg
2129700320,satellite_images\2129700320.jpg
2597531020,satellite_images\2597531020.jpg
7011201445,satellite_images\7011201445.jpg
1795910360,satellite_images\1795910360.jpg
5100401411,satellite_images\5100401411.jpg
3121500340,satellite_images\3121500340.jpg
1245002125,satellite_images\1245002125.jpg
3336000230,satellite_images\3336000230.jpg
7418700040,satellite_images\7418700040.jpg
8091670730,satellite_images\8091670730.jpg
3904920730,satellite_images\3904920730.jpg
4443800940,satellite_images\4443800940.jpg
9268850290,satellite_images\9268850290.jpg
2796100160,satellite_images\2796100160.jpg
4221270350,satellite_images\4221270350.jpg
2346800180,satellite_images\2346800180.jpg
8820902540,satellite_images\8820902540.jpg
2320069248,satellite_images\2320069248.jpg
8647600020,satellite_images\8647600020.jpg
2916620240,satellite_images\2916620240.jpg
126039467,satellite_images\126039467.jpg
1921069082,satellite_images\1921069082.jpg
7302000120,satellite_images\7302000120.jpg
1545805490,satellite_images\1545805490.jpg
7215730930,satellite_images\7215730930.jpg
8645511350,satellite_images\8645511350.jpg
2767701416,satellite_images\2767701416.jpg
2517010630,satellite_images\2517010630.jpg
2490200450,satellite_images\2490200450.jpg
5015000700,satellite_images\5015000700.jpg
1724079013,satellite_images\1724079013.jpg
6119200085,satellite_images\6119200085.jpg
2329600040,satellite_images\2329600040.jpg
3629921120,satellite_images\3629921120.jpg
1727500010,satellite_images\1727500010.jpg
7215720070,satellite_images\7215720070.jpg
5469501830,satellite_images\5469501830.jpg
5100403947,satellite_images\5100403947.jpg
8691391090,satellite_images\8691391090.jpg
191100435,satellite_images\191100435.jpg
4326000190,satellite_images\4326000190.jpg
3760500116,satellite_images\3760500116.jpg
5469500640,satellite_images\5469500640.jpg
9144300060,satellite_images\9144300060.jpg
7852020660,satellite_images\7852020660.jpg
6840701610,satellite_images\6840701610.jpg
889000015,satellite_images\889000015.jpg
3975400185,satellite_images\3975400185.jpg
2887703155,satellite_images\2887703155.jpg
475001000,satellite_images\475001000.jpg
1924069058,satellite_images\1924069058.jpg
8567450220,satellite_images\8567450220.jpg
7887200390,satellite_images\7887200390.jpg
5101407250,satellite_images\5101407250.jpg
5249800010,satellite_images\5249800010.jpg
7657000540,satellite_images\7657000540.jpg
6203000160,satellite_images\6203000160.jpg
4310701575,satellite_images\4310701575.jpg
2028700575,satellite_images\2028700575.jpg
139000185,satellite_images\139000185.jpg
9510900630,satellite_images\9510900630.jpg
3904901190,satellite_images\3904901190.jpg
3275300040,satellite_images\3275300040.jpg
1761300110,satellite_images\1761300110.jpg
8154100020,satellite_images\8154100020.jpg
8733000045,satellite_images\8733000045.jpg
2326600130,satellite_images\2326600130.jpg
8687800010,satellite_images\8687800010.jpg
2600100110,satellite_images\2600100110.jpg
4139660040,satellite_images\4139660040.jpg
2124049229,satellite_images\2124049229.jpg
2919700885,satellite_images\2919700885.jpg
1685800100,satellite_images\1685800100.jpg
1282300105,satellite_images\1282300105.jpg
8682282070,satellite_images\8682282070.jpg
3043200035,satellite_images\3043200035.jpg
3052700464,satellite_images\3052700464.jpg
2548100180,satellite_images\2548100180.jpg
2623039018,satellite_images\2623039018.jpg
421079142,satellite_images\421079142.jpg
3840700653,satellite_images\3840700653.jpg
3905100520,satellite_images\3905100520.jpg
2926069062,satellite_images\2926069062.jpg
7215730120,satellite_images\7215730120.jpg
9202650040,satellite_images\9202650040.jpg
3832710210,satellite_images\3832710210.jpg
1441000090,satellite_images\1441000090.jpg
6672920050,satellite_images\6672920050.jpg
5021900779,satellite_images\5021900779.jpg
1529200340,satellite_images\1529200340.jpg
324000370,satellite_images\324000370.jpg
3670500605,satellite_images\3670500605.jpg
4232400010,satellite_images\4232400010.jpg
2525000690,satellite_images\2525000690.jpg
3422049190,satellite_images\3422049190.jpg
7832800015,satellite_images\7832800015.jpg
3886903155,satellite_images\3886903155.jpg
8079100640,satellite_images\8079100640.jpg
3303950080,satellite_images\3303950080.jpg
9542830440,satellite_images\9542830440.jpg
1822079046,satellite_images\1822079046.jpg
9348700490,satellite_images\9348700490.jpg
9542600070,satellite_images\9542600070.jpg
6648701420,satellite_images\6648701420.jpg
7625702615,satellite_images\7625702615.jpg
4141010050,satellite_images\4141010050.jpg
2927600415,satellite_images\2927600415.jpg
7189800095,satellite_images\7189800095.jpg
1090000075,satellite_images\1090000075.jpg
7443001470,satellite_images\7443001470.jpg
8924100370,satellite_images\8924100370.jpg
6669100070,satellite_images\6669100070.jpg
629860010,satellite_images\629860010.jpg
293800120,satellite_images\293800120.jpg
114100758,satellite_images\114100758.jpg
3644100095,satellite_images\3644100095.jpg
5127001170,satellite_images\5127001170.jpg
2919702235,satellite_images\2919702235.jpg
871000515,satellite_images\871000515.jpg
8635751120,satellite_images\8635751120.jpg
7010700860,satellite_images\7010700860.jpg
715010110,satellite_images\715010110.jpg
5412310080,satellite_images\5412310080.jpg
2205700180,satellite_images\2205700180.jpg
7511210310,satellite_images\7511210310.jpg
1023059223,satellite_images\1023059223.jpg
9542100165,satellite_images\9542100165.jpg
251620090,satellite_images\251620090.jpg
6821102170,satellite_images\6821102170.jpg
423059360,satellite_images\423059360.jpg
5536500200,satellite_images\5536500200.jpg
7298040500,satellite_images\7298040500.jpg
1545806960,satellite_images\1545806960.jpg
6386700300,satellite_images\6386700300.jpg
6668900005,satellite_images\6668900005.jpg
5556300076,satellite_images\5556300076.jpg
2716600273,satellite_images\2716600273.jpg
1423089134,satellite_images\1423089134.jpg
8558600085,satellite_images\8558600085.jpg
2413300240,satellite_images\2413300240.jpg
3447000090,satellite_images\3447000090.jpg
1329300300,satellite_images\1329300300.jpg
7202260040,satellite_images\7202260040.jpg
1099610260,satellite_images\1099610260.jpg
4443800810,satellite_images\4443800810.jpg
9268850480,satellite_images\9268850480.jpg
7205930050,satellite_images\7205930050.jpg
9266700845,satellite_images\9266700845.jpg
2768100206,satellite_images\2768100206.jpg
2944500710,satellite_images\2944500710.jpg
8562890590,satellite_images\8562890590.jpg
3183110180,satellite_images\3183110180.jpg
322059210,satellite_images\322059210.jpg
3448740360,satellite_images\3448740360.jpg
9521100280,satellite_images\9521100280.jpg
2397101375,satellite_images\2397101375.jpg
1423800210,satellite_images\1423800210.jpg
2523400205,satellite_images\2523400205.jpg
133000070,satellite_images\133000070.jpg
3424069008,satellite_images\3424069008.jpg
3500100025,satellite_images\3500100025.jpg
2867100007,satellite_images\2867100007.jpg
3095000185,satellite_images\3095000185.jpg
3426059070,satellite_images\3426059070.jpg
4154300505,satellite_images\4154300505.jpg
3298700426,satellite_images\3298700426.jpg
8665050770,satellite_images\8665050770.jpg
2426039130,satellite_images\2426039130.jpg
7613700660,satellite_images\7613700660.jpg
6909200401,satellite_images\6909200401.jpg
573000490,satellite_images\573000490.jpg
3216900060,satellite_images\3216900060.jpg
9297800090,satellite_images\9297800090.jpg
9264910900,satellite_images\9264910900.jpg
3278602660,satellite_images\3278602660.jpg
2414600366,satellite_images\2414600366.jpg
7215730580,satellite_images\7215730580.jpg
5006000035,satellite_images\5006000035.jpg
259900320,satellite_images\259900320.jpg
6384500590,satellite_images\6384500590.jpg
3818400060,satellite_images\3818400060.jpg
1026069044,satellite_images\1026069044.jpg
6884800180,satellite_images\6884800180.jpg
9834201100,satellite_images\9834201100.jpg
4058801065,satellite_images\4058801065.jpg
6699000740,satellite_images\6699000740.jpg
3585900090,satellite_images\3585900090.jpg
3034200275,satellite_images\3034200275.jpg
5029450850,satellite_images\5029450850.jpg
7203230010,satellite_images\7203230010.jpg
5137000170,satellite_images\5137000170.jpg
3445000274,satellite_images\3445000274.jpg
2895550280,satellite_images\2895550280.jpg
2568300210,satellite_images\2568300210.jpg
1473000020,satellite_images\1473000020.jpg
2785000480,satellite_images\2785000480.jpg
7227802030,satellite_images\7227802030.jpg
869700320,satellite_images\869700320.jpg
9829200495,satellite_images\9829200495.jpg
2450500060,satellite_images\2450500060.jpg
1934800162,satellite_images\1934800162.jpg
2768301525,satellite_images\2768301525.jpg
3225079035,satellite_images\3225079035.jpg
251100020,satellite_images\251100020.jpg
5702380730,satellite_images\5702380730.jpg
8920100041,satellite_images\8920100041.jpg
7853220470,satellite_images\7853220470.jpg
2309710130,satellite_images\2309710130.jpg
3668001080,satellite_images\3668001080.jpg
7277100055,satellite_images\7277100055.jpg
5515600087,satellite_images\5515600087.jpg
7853370440,satellite_images\7853370440.jpg
1797500230,satellite_images\1797500230.jpg
625049359,satellite_images\625049359.jpg
2483700095,satellite_images\2483700095.jpg
1795800040,satellite_images\1795800040.jpg
148000375,satellite_images\148000375.jpg
1724079048,satellite_images\1724079048.jpg
4331000400,satellite_images\4331000400.jpg
7821200375,satellite_images\7821200375.jpg
6003001999,satellite_images\6003001999.jpg
9477001350,satellite_images\9477001350.jpg
3376600010,satellite_images\3376600010.jpg
9510910050,satellite_images\9510910050.jpg
2205500575,satellite_images\2205500575.jpg
1257201010,satellite_images\1257201010.jpg
8651520240,satellite_images\8651520240.jpg
1070000180,satellite_images\1070000180.jpg
3223049073,satellite_images\3223049073.jpg
2025079037,satellite_images\2025079037.jpg
2268000500,satellite_images\2268000500.jpg
523049106,satellite_images\523049106.jpg
2408600160,satellite_images\2408600160.jpg
123039604,satellite_images\123039604.jpg
318900120,satellite_images\318900120.jpg
2902201300,satellite_images\2902201300.jpg
9530100921,satellite_images\9530100921.jpg
1972200728,satellite_images\1972200728.jpg
2726059144,satellite_images\2726059144.jpg
9578050120,satellite_images\9578050120.jpg
1994200012,satellite_images\1994200012.jpg
1565950230,satellite_images\1565950230.jpg
662310400,satellite_images\662310400.jpg
475000750,satellite_images\475000750.jpg
9320901250,satellite_images\9320901250.jpg
8941800100,satellite_images\8941800100.jpg
2572400100,satellite_images\2572400100.jpg
3224059033,satellite_images\3224059033.jpg
5631501323,satellite_images\5631501323.jpg
5608010050,satellite_images\5608010050.jpg
9268200600,satellite_images\9268200600.jpg
2767603577,satellite_images\2767603577.jpg
3914000095,satellite_images\3914000095.jpg
7686202275,satellite_images\7686202275.jpg
6918730230,satellite_images\6918730230.jpg
6817800730,satellite_images\6817800730.jpg
8079010190,satellite_images\8079010190.jpg
9485300190,satellite_images\9485300190.jpg
4094800190,satellite_images\4094800190.jpg
7370600050,satellite_images\7370600050.jpg
8732190170,satellite_images\8732190170.jpg
1136100045,satellite_images\1136100045.jpg
9526500090,satellite_images\9526500090.jpg
339350070,satellite_images\339350070.jpg
2804600155,satellite_images\2804600155.jpg
8148600055,satellite_images\8148600055.jpg
2558650130,satellite_images\2558650130.jpg
267000170,satellite_images\267000170.jpg
955000430,satellite_images\955000430.jpg
321059091,satellite_images\321059091.jpg
1829700050,satellite_images\1829700050.jpg
9828200605,satellite_images\9828200605.jpg
8910500675,satellite_images\8910500675.jpg
9558020840,satellite_images\9558020840.jpg
3882300100,satellite_images\3882300100.jpg
326069101,satellite_images\326069101.jpg
1254200015,satellite_images\1254200015.jpg
3574801110,satellite_images\3574801110.jpg
6679000560,satellite_images\6679000560.jpg
8083350070,satellite_images\8083350070.jpg
824069156,satellite_images\824069156.jpg
6413600151,satellite_images\6413600151.jpg
9547201850,satellite_images\9547201850.jpg
3880900170,satellite_images\3880900170.jpg
9215400075,satellite_images\9215400075.jpg
4242900215,satellite_images\4242900215.jpg
7853300290,satellite_images\7853300290.jpg
4027700396,satellite_images\4027700396.jpg
5364200381,satellite_images\5364200381.jpg
3438502200,satellite_images\3438502200.jpg
1623069071,satellite_images\1623069071.jpg
4059400190,satellite_images\4059400190.jpg
4109600306,satellite_images\4109600306.jpg
3223049158,satellite_images\3223049158.jpg
2868900020,satellite_images\2868900020.jpg
2867300170,satellite_images\2867300170.jpg
4151800410,satellite_images\4151800410.jpg
4435000145,satellite_images\4435000145.jpg
3501100050,satellite_images\3501100050.jpg
2768301182,satellite_images\2768301182.jpg
1471630160,satellite_images\1471630160.jpg
1566100555,satellite_images\1566100555.jpg
8835700010,satellite_images\8835700010.jpg
6384500535,satellite_images\6384500535.jpg
7202341110,satellite_images\7202341110.jpg
423059409,satellite_images\423059409.jpg
4449800315,satellite_images\4449800315.jpg
9477100330,satellite_images\9477100330.jpg
7202280580,satellite_images\7202280580.jpg
8861700110,satellite_images\8861700110.jpg
1493300057,satellite_images\1493300057.jpg
125039021,satellite_images\125039021.jpg
984100010,satellite_images\984100010.jpg
1564000740,satellite_images\1564000740.jpg
1077100070,satellite_images\1077100070.jpg
9278200095,satellite_images\9278200095.jpg
7852170140,satellite_images\7852170140.jpg
6788200605,satellite_images\6788200605.jpg
1775950030,satellite_images\1775950030.jpg
5706500385,satellite_images\5706500385.jpg
5255710160,satellite_images\5255710160.jpg
7785350010,satellite_images\7785350010.jpg
3885804390,satellite_images\3885804390.jpg
2141500040,satellite_images\2141500040.jpg
9545220100,satellite_images\9545220100.jpg
1774230180,satellite_images\1774230180.jpg
7853361310,satellite_images\7853361310.jpg
8931100095,satellite_images\8931100095.jpg
2976800145,satellite_images\2976800145.jpg
7518501390,satellite_images\7518501390.jpg
2460900010,satellite_images\2460900010.jpg
7104100110,satellite_images\7104100110.jpg
9557200090,satellite_images\9557200090.jpg
2922701175,satellite_images\2922701175.jpg
3814400125,satellite_images\3814400125.jpg
9183702220,satellite_images\9183702220.jpg
272000620,satellite_images\272000620.jpg
7550801220,satellite_images\7550801220.jpg
5358300100,satellite_images\5358300100.jpg
4037600115,satellite_images\4037600115.jpg
9320100090,satellite_images\9320100090.jpg
8088600080,satellite_images\8088600080.jpg
4397000500,satellite_images\4397000500.jpg
8682281600,satellite_images\8682281600.jpg
3085001610,satellite_images\3085001610.jpg
8712100020,satellite_images\8712100020.jpg
3095000040,satellite_images\3095000040.jpg
2473480780,satellite_images\2473480780.jpg
7701960720,satellite_images\7701960720.jpg
9545260100,satellite_images\9545260100.jpg
1446400715,satellite_images\1446400715.jpg
925069152,satellite_images\925069152.jpg
624069035,satellite_images\624069035.jpg
3832700250,satellite_images\3832700250.jpg
9358002375,satellite_images\9358002375.jpg
8155850010,satellite_images\8155850010.jpg
3574800810,satellite_images\3574800810.jpg
226059103,satellite_images\226059103.jpg
6806100340,satellite_images\6806100340.jpg
7934000145,satellite_images\7934000145.jpg
8947800080,satellite_images\8947800080.jpg
7203102050,satellite_images\7203102050.jpg
8669400100,satellite_images\8669400100.jpg
4139380050,satellite_images\4139380050.jpg
9201000460,satellite_images\9201000460.jpg
2843200070,satellite_images\2843200070.jpg
7963900100,satellite_images\7963900100.jpg
1446801000,satellite_images\1446801000.jpg
7889600285,satellite_images\7889600285.jpg
3574801490,satellite_images\3574801490.jpg
9407100500,satellite_images\9407100500.jpg
326069118,satellite_images\326069118.jpg
2607760890,satellite_images\2607760890.jpg
2564900020,satellite_images\2564900020.jpg
7230900120,satellite_images\7230900120.jpg
5101407370,satellite_images\5101407370.jpg
5589900400,satellite_images\5589900400.jpg
3575200070,satellite_images\3575200070.jpg
7431500341,satellite_images\7431500341.jpg
7645900355,satellite_images\7645900355.jpg
8113101070,satellite_images\8113101070.jpg
6151800606,satellite_images\6151800606.jpg
9406550100,satellite_images\9406550100.jpg
952005525,satellite_images\952005525.jpg
3278613210,satellite_images\3278613210.jpg
148000475,satellite_images\148000475.jpg
7205000080,satellite_images\7205000080.jpg
4189800050,satellite_images\4189800050.jpg
2624059036,satellite_images\2624059036.jpg
2374200005,satellite_images\2374200005.jpg
1189000180,satellite_images\1189000180.jpg
9406521150,satellite_images\9406521150.jpg
2545700020,satellite_images\2545700020.jpg
8947250060,satellite_images\8947250060.jpg
3342101785,satellite_images\3342101785.jpg
1115750190,satellite_images\1115750190.jpg
9262800057,satellite_images\9262800057.jpg
3759500046,satellite_images\3759500046.jpg
7694200430,satellite_images\7694200430.jpg
1972205790,satellite_images\1972205790.jpg
534000075,satellite_images\534000075.jpg
8598900157,satellite_images\8598900157.jpg
3326079016,satellite_images\3326079016.jpg
4279600080,satellite_images\4279600080.jpg
3388300730,satellite_images\3388300730.jpg
7694600253,satellite_images\7694600253.jpg
5089700750,satellite_images\5089700750.jpg
1049000060,satellite_images\1049000060.jpg
1322049335,satellite_images\1322049335.jpg
6018500120,satellite_images\6018500120.jpg
1862900350,satellite_images\1862900350.jpg
7384500110,satellite_images\7384500110.jpg
4233400490,satellite_images\4233400490.jpg
3325069060,satellite_images\3325069060.jpg
3862400050,satellite_images\3862400050.jpg
7203600530,satellite_images\7203600530.jpg
3276980120,satellite_images\3276980120.jpg
7334600170,satellite_images\7334600170.jpg
192600100,satellite_images\192600100.jpg
5101406384,satellite_images\5101406384.jpg
2331300025,satellite_images\2331300025.jpg
1000102,satellite_images\1000102.jpg
6150700005,satellite_images\6150700005.jpg
226059161,satellite_images\226059161.jpg
6744700181,satellite_images\6744700181.jpg
4449800681,satellite_images\4449800681.jpg
1425069103,satellite_images\1425069103.jpg
4038600260,satellite_images\4038600260.jpg
5104520400,satellite_images\5104520400.jpg
7349650490,satellite_images\7349650490.jpg
925059198,satellite_images\925059198.jpg
1241900028,satellite_images\1241900028.jpg
3811300090,satellite_images\3811300090.jpg
8019200823,satellite_images\8019200823.jpg
9273200115,satellite_images\9273200115.jpg
4310702918,satellite_images\4310702918.jpg
3526039116,satellite_images\3526039116.jpg
1454600256,satellite_images\1454600256.jpg
7852011070,satellite_images\7852011070.jpg
5126300650,satellite_images\5126300650.jpg
5422420140,satellite_images\5422420140.jpg
3826000070,satellite_images\3826000070.jpg
1529300435,satellite_images\1529300435.jpg
192000120,satellite_images\192000120.jpg
8562890560,satellite_images\8562890560.jpg
7327902612,satellite_images\7327902612.jpg
4187000660,satellite_images\4187000660.jpg
8732040580,satellite_images\8732040580.jpg
1387300940,satellite_images\1387300940.jpg
7972601680,satellite_images\7972601680.jpg
8856920260,satellite_images\8856920260.jpg
1222029064,satellite_images\1222029064.jpg
6450302175,satellite_images\6450302175.jpg
5393601690,satellite_images\5393601690.jpg
5702380780,satellite_images\5702380780.jpg
4054530240,satellite_images\4054530240.jpg
6145601819,satellite_images\6145601819.jpg
4046600120,satellite_images\4046600120.jpg
7137800310,satellite_images\7137800310.jpg
1774000170,satellite_images\1774000170.jpg
7663700759,satellite_images\7663700759.jpg
5411600180,satellite_images\5411600180.jpg
7247000035,satellite_images\7247000035.jpg
1223089038,satellite_images\1223089038.jpg
4397000100,satellite_images\4397000100.jpg
3225069239,satellite_images\3225069239.jpg
1661000060,satellite_images\1661000060.jpg
7893205080,satellite_images\7893205080.jpg
2460700430,satellite_images\2460700430.jpg
1443550080,satellite_images\1443550080.jpg
7999950020,satellite_images\7999950020.jpg
4475000180,satellite_images\4475000180.jpg
925069123,satellite_images\925069123.jpg
6031400071,satellite_images\6031400071.jpg
2473510090,satellite_images\2473510090.jpg
2608300035,satellite_images\2608300035.jpg
7853320280,satellite_images\7853320280.jpg
1568100670,satellite_images\1568100670.jpg
6131600060,satellite_images\6131600060.jpg
8021700495,satellite_images\8021700495.jpg
624110930,satellite_images\624110930.jpg
925059042,satellite_images\925059042.jpg
8071000050,satellite_images\8071000050.jpg
9828701507,satellite_images\9828701507.jpg
3052700419,satellite_images\3052700419.jpg
9829200325,satellite_images\9829200325.jpg
7011201245,satellite_images\7011201245.jpg
8035350320,satellite_images\8035350320.jpg
8682260870,satellite_images\8682260870.jpg
3022800260,satellite_images\3022800260.jpg
5469700570,satellite_images\5469700570.jpg
7304300420,satellite_images\7304300420.jpg
6648900005,satellite_images\6648900005.jpg
3885802135,satellite_images\3885802135.jpg
7278100690,satellite_images\7278100690.jpg
5420800010,satellite_images\5420800010.jpg
9279200910,satellite_images\9279200910.jpg
2224700045,satellite_images\2224700045.jpg
2025059131,satellite_images\2025059131.jpg
723049333,satellite_images\723049333.jpg
5466310730,satellite_images\5466310730.jpg
1972200139,satellite_images\1972200139.jpg
5101404170,satellite_images\5101404170.jpg
1432600415,satellite_images\1432600415.jpg
1871400585,satellite_images\1871400585.jpg
1823059223,satellite_images\1823059223.jpg
2801910100,satellite_images\2801910100.jpg
3331000455,satellite_images\3331000455.jpg
7788400170,satellite_images\7788400170.jpg
8024201210,satellite_images\8024201210.jpg
8127700845,satellite_images\8127700845.jpg
1407300012,satellite_images\1407300012.jpg
4140500055,satellite_images\4140500055.jpg
6791050100,satellite_images\6791050100.jpg
1787600146,satellite_images\1787600146.jpg
8651511030,satellite_images\8651511030.jpg
179000505,satellite_images\179000505.jpg
3856904740,satellite_images\3856904740.jpg
1177000130,satellite_images\1177000130.jpg
5559200170,satellite_images\5559200170.jpg
3454000060,satellite_images\3454000060.jpg
629000510,satellite_images\629000510.jpg
6308000020,satellite_images\6308000020.jpg
1207000025,satellite_images\1207000025.jpg
9322800260,satellite_images\9322800260.jpg
3034200530,satellite_images\3034200530.jpg
8680500220,satellite_images\8680500220.jpg
5694500200,satellite_images\5694500200.jpg
2768000400,satellite_images\2768000400.jpg
3363900155,satellite_images\3363900155.jpg
6641020160,satellite_images\6641020160.jpg
425079099,satellite_images\425079099.jpg
2768301217,satellite_images\2768301217.jpg
7577700185,satellite_images\7577700185.jpg
7203000640,satellite_images\7203000640.jpg
8648100200,satellite_images\8648100200.jpg
811000050,satellite_images\811000050.jpg
2619600010,satellite_images\2619600010.jpg
993000046,satellite_images\993000046.jpg
623049232,satellite_images\623049232.jpg
3885804225,satellite_images\3885804225.jpg
7349650330,satellite_images\7349650330.jpg
7203600040,satellite_images\7203600040.jpg
7229900925,satellite_images\7229900925.jpg
7771300085,satellite_images\7771300085.jpg
2114700460,satellite_images\2114700460.jpg
5416300230,satellite_images\5416300230.jpg
7212650200,satellite_images\7212650200.jpg
3512100050,satellite_images\3512100050.jpg
2346800461,satellite_images\2346800461.jpg
5589900761,satellite_images\5589900761.jpg
5316100780,satellite_images\5316100780.jpg
7524950900,satellite_images\7524950900.jpg
6145600410,satellite_images\6145600410.jpg
3580900160,satellite_images\3580900160.jpg
2133010110,satellite_images\2133010110.jpg
4058800925,satellite_images\4058800925.jpg
2130702205,satellite_images\2130702205.jpg
8731950080,satellite_images\8731950080.jpg
2726059100,satellite_images\2726059100.jpg
1453601038,satellite_images\1453601038.jpg
520069032,satellite_images\520069032.jpg
6386700110,satellite_images\6386700110.jpg
191100250,satellite_images\191100250.jpg
1088030010,satellite_images\1088030010.jpg
9241900115,satellite_images\9241900115.jpg
4024100961,satellite_images\4024100961.jpg
8682291730,satellite_images\8682291730.jpg
3204400040,satellite_images\3204400040.jpg
3644100072,satellite_images\3644100072.jpg
2481590090,satellite_images\2481590090.jpg
5631500505,satellite_images\5631500505.jpg
7812800565,satellite_images\7812800565.jpg
1545803980,satellite_images\1545803980.jpg
1250203860,satellite_images\1250203860.jpg
1843100070,satellite_images\1843100070.jpg
6908200021,satellite_images\6908200021.jpg
2856101540,satellite_images\2856101540.jpg
952001495,satellite_images\952001495.jpg
1432400490,satellite_images\1432400490.jpg
3630020430,satellite_images\3630020430.jpg
1471701410,satellite_images\1471701410.jpg
6852700279,satellite_images\6852700279.jpg
8665900206,satellite_images\8665900206.jpg
110000040,satellite_images\110000040.jpg
8653600050,satellite_images\8653600050.jpg
3362401000,satellite_images\3362401000.jpg
7853370250,satellite_images\7853370250.jpg
8856920110,satellite_images\8856920110.jpg
1646502165,satellite_images\1646502165.jpg
1446403835,satellite_images\1446403835.jpg
9542830430,satellite_images\9542830430.jpg
5700000600,satellite_images\5700000600.jpg
5126210280,satellite_images\5126210280.jpg
9406520830,satellite_images\9406520830.jpg
7558750120,satellite_images\7558750120.jpg
3303850330,satellite_images\3303850330.jpg
6979900390,satellite_images\6979900390.jpg
5249802424,satellite_images\5249802424.jpg
2571910160,satellite_images\2571910160.jpg
3396820150,satellite_images\3396820150.jpg
3897100170,satellite_images\3897100170.jpg
1241500147,satellite_images\1241500147.jpg
6073300040,satellite_images\6073300040.jpg
9826701490,satellite_images\9826701490.jpg
2768000295,satellite_images\2768000295.jpg
7760400900,satellite_images\7760400900.jpg
7852060370,satellite_images\7852060370.jpg
9510920070,satellite_images\9510920070.jpg
8062900030,satellite_images\8062900030.jpg
1402200140,satellite_images\1402200140.jpg
8732130140,satellite_images\8732130140.jpg
5422560900,satellite_images\5422560900.jpg
1561910270,satellite_images\1561910270.jpg
8143100500,satellite_images\8143100500.jpg
643400130,satellite_images\643400130.jpg
5694500840,satellite_images\5694500840.jpg
222069057,satellite_images\222069057.jpg
6814600150,satellite_images\6814600150.jpg
2685600005,satellite_images\2685600005.jpg
624069108,satellite_images\624069108.jpg
2215900800,satellite_images\2215900800.jpg
2895600095,satellite_images\2895600095.jpg
9197800010,satellite_images\9197800010.jpg
4139440100,satellite_images\4139440100.jpg
7212660960,satellite_images\7212660960.jpg
1218000025,satellite_images\1218000025.jpg
3886903615,satellite_images\3886903615.jpg
3394100230,satellite_images\3394100230.jpg
6600490300,satellite_images\6600490300.jpg
220069106,satellite_images\220069106.jpg
8827901060,satellite_images\8827901060.jpg
2651100050,satellite_images\2651100050.jpg
1972201161,satellite_images\1972201161.jpg
4131900066,satellite_images\4131900066.jpg
7504020810,satellite_images\7504020810.jpg
3990200125,satellite_images\3990200125.jpg
3578600201,satellite_images\3578600201.jpg
1721800190,satellite_images\1721800190.jpg
2759800110,satellite_images\2759800110.jpg
3876310860,satellite_images\3876310860.jpg
2768301214,satellite_images\2768301214.jpg
5269200050,satellite_images\5269200050.jpg
1326059185,satellite_images\1326059185.jpg
7857003505,satellite_images\7857003505.jpg
871001735,satellite_images\871001735.jpg
1025039086,satellite_images\1025039086.jpg
1423800380,satellite_images\1423800380.jpg
3862710030,satellite_images\3862710030.jpg
7203110240,satellite_images\7203110240.jpg
6075000050,satellite_images\6075000050.jpg
2113700485,satellite_images\2113700485.jpg
1313000710,satellite_images\1313000710.jpg
7979900145,satellite_images\7979900145.jpg
8651401720,satellite_images\8651401720.jpg
3166900200,satellite_images\3166900200.jpg
9550204450,satellite_images\9550204450.jpg
9284802825,satellite_images\9284802825.jpg
7972601100,satellite_images\7972601100.jpg
764000180,satellite_images\764000180.jpg
3213200180,satellite_images\3213200180.jpg
1724069060,satellite_images\1724069060.jpg
2597500840,satellite_images\2597500840.jpg
2215900180,satellite_images\2215900180.jpg
253600160,satellite_images\253600160.jpg
1370802455,satellite_images\1370802455.jpg
3058600050,satellite_images\3058600050.jpg
3885803625,satellite_images\3885803625.jpg
6127011000,satellite_images\6127011000.jpg
9359100500,satellite_images\9359100500.jpg
797000330,satellite_images\797000330.jpg
3862710090,satellite_images\3862710090.jpg
1432701430,satellite_images\1432701430.jpg
7702600160,satellite_images\7702600160.jpg
7523700210,satellite_images\7523700210.jpg
8956200960,satellite_images\8956200960.jpg
2229900020,satellite_images\2229900020.jpg
6381500170,satellite_images\6381500170.jpg
7199350340,satellite_images\7199350340.jpg
7214780020,satellite_images\7214780020.jpg
8645500270,satellite_images\8645500270.jpg
4379400490,satellite_images\4379400490.jpg
3449500045,satellite_images\3449500045.jpg
4239400920,satellite_images\4239400920.jpg
8078460320,satellite_images\8078460320.jpg
6131600075,satellite_images\6131600075.jpg
2624089026,satellite_images\2624089026.jpg
1565950260,satellite_images\1565950260.jpg
7922710690,satellite_images\7922710690.jpg
7429000130,satellite_images\7429000130.jpg
3158500340,satellite_images\3158500340.jpg
7302000210,satellite_images\7302000210.jpg
4385700250,satellite_images\4385700250.jpg
7967000200,satellite_images\7967000200.jpg
1446800181,satellite_images\1446800181.jpg
5437820080,satellite_images\5437820080.jpg
3630180450,satellite_images\3630180450.jpg
973600020,satellite_images\973600020.jpg
2817100430,satellite_images\2817100430.jpg
7936000463,satellite_images\7936000463.jpg
8073900070,satellite_images\8073900070.jpg
9268200641,satellite_images\9268200641.jpg
8813400345,satellite_images\8813400345.jpg
1023059324,satellite_images\1023059324.jpg
7173700524,satellite_images\7173700524.jpg
3327000090,satellite_images\3327000090.jpg
9158100075,satellite_images\9158100075.jpg
3422059257,satellite_images\3422059257.jpg
6003500743,satellite_images\6003500743.jpg
2695600455,satellite_images\2695600455.jpg
8079040140,satellite_images\8079040140.jpg
3948900050,satellite_images\3948900050.jpg
3459600440,satellite_images\3459600440.jpg
6893300290,satellite_images\6893300290.jpg
2524049215,satellite_images\2524049215.jpg
3356404330,satellite_images\3356404330.jpg
6646200420,satellite_images\6646200420.jpg
3472800065,satellite_images\3472800065.jpg
9828702339,satellite_images\9828702339.jpg
8562600190,satellite_images\8562600190.jpg
9407102360,satellite_images\9407102360.jpg
4307350730,satellite_images\4307350730.jpg
1523059239,satellite_images\1523059239.jpg
5561200310,satellite_images\5561200310.jpg
9412200080,satellite_images\9412200080.jpg
3705900124,satellite_images\3705900124.jpg
7215721570,satellite_images\7215721570.jpg
8078550610,satellite_images\8078550610.jpg
3586500665,satellite_images\3586500665.jpg
952001710,satellite_images\952001710.jpg
2817210210,satellite_images\2817210210.jpg
6798100690,satellite_images\6798100690.jpg
8658300510,satellite_images\8658300510.jpg
5145100300,satellite_images\5145100300.jpg
7280300042,satellite_images\7280300042.jpg
6844702290,satellite_images\6844702290.jpg
853600020,satellite_images\853600020.jpg
6083000037,satellite_images\6083000037.jpg
1853000400,satellite_images\1853000400.jpg
5643600351,satellite_images\5643600351.jpg
4331000595,satellite_images\4331000595.jpg
3332000615,satellite_images\3332000615.jpg
8077210230,satellite_images\8077210230.jpg
3396830310,satellite_images\3396830310.jpg
1524079188,satellite_images\1524079188.jpg
1685200190,satellite_images\1685200190.jpg
5070000100,satellite_images\5070000100.jpg
7549802600,satellite_images\7549802600.jpg
6072760670,satellite_images\6072760670.jpg
9285800055,satellite_images\9285800055.jpg
7237450600,satellite_images\7237450600.jpg
1245500725,satellite_images\1245500725.jpg
3205500020,satellite_images\3205500020.jpg
1622049242,satellite_images\1622049242.jpg
3856904560,satellite_images\3856904560.jpg
3751600457,satellite_images\3751600457.jpg
2115720070,satellite_images\2115720070.jpg
8963300005,satellite_images\8963300005.jpg
7558800620,satellite_images\7558800620.jpg
8665900168,satellite_images\8665900168.jpg
8161000210,satellite_images\8161000210.jpg
9526600250,satellite_images\9526600250.jpg
3811000230,satellite_images\3811000230.jpg
4221250320,satellite_images\4221250320.jpg
5647900650,satellite_images\5647900650.jpg
3862710050,satellite_images\3862710050.jpg
5451220150,satellite_images\5451220150.jpg
3935900232,satellite_images\3935900232.jpg
3629790160,satellite_images\3629790160.jpg
7574910450,satellite_images\7574910450.jpg
2122059160,satellite_images\2122059160.jpg
8964800860,satellite_images\8964800860.jpg
6117501015,satellite_images\6117501015.jpg
6071300500,satellite_images\6071300500.jpg
5151600480,satellite_images\5151600480.jpg
2705600068,satellite_images\2705600068.jpg
8825900095,satellite_images\8825900095.jpg
8143000600,satellite_images\8143000600.jpg
8856960540,satellite_images\8856960540.jpg
7885801460,satellite_images\7885801460.jpg
3793501400,satellite_images\3793501400.jpg
5649600225,satellite_images\5649600225.jpg
3876310300,satellite_images\3876310300.jpg
6751300065,satellite_images\6751300065.jpg
8078360080,satellite_images\8078360080.jpg
6383900090,satellite_images\6383900090.jpg
1624049170,satellite_images\1624049170.jpg
5169700022,satellite_images\5169700022.jpg
1736800520,satellite_images\1736800520.jpg
3751601171,satellite_images\3751601171.jpg
1196002948,satellite_images\1196002948.jpg
1725079025,satellite_images\1725079025.jpg
3751604974,satellite_images\3751604974.jpg
3271800870,satellite_images\3271800870.jpg
6400700189,satellite_images\6400700189.jpg
629650030,satellite_images\629650030.jpg
3793700210,satellite_images\3793700210.jpg
1571100130,satellite_images\1571100130.jpg
751000020,satellite_images\751000020.jpg
3508100161,satellite_images\3508100161.jpg
8924100430,satellite_images\8924100430.jpg
6198400218,satellite_images\6198400218.jpg
3601200465,satellite_images\3601200465.jpg
255460240,satellite_images\255460240.jpg
2595300210,satellite_images\2595300210.jpg
2123700100,satellite_images\2123700100.jpg
6300000335,satellite_images\6300000335.jpg
3845100160,satellite_images\3845100160.jpg
2231500030,satellite_images\2231500030.jpg
7625701891,satellite_images\7625701891.jpg
3629920990,satellite_images\3629920990.jpg
249000115,satellite_images\249000115.jpg
4432600075,satellite_images\4432600075.jpg
7625701045,satellite_images\7625701045.jpg
8682290660,satellite_images\8682290660.jpg
8072000035,satellite_images\8072000035.jpg
2600400030,satellite_images\2600400030.jpg
1099900020,satellite_images\1099900020.jpg
2624049035,satellite_images\2624049035.jpg
4298100060,satellite_images\4298100060.jpg
5309100140,satellite_images\5309100140.jpg
2767705010,satellite_images\2767705010.jpg
3300701185,satellite_images\3300701185.jpg
9455200570,satellite_images\9455200570.jpg
7784000110,satellite_images\7784000110.jpg
7228500094,satellite_images\7228500094.jpg
1370801331,satellite_images\1370801331.jpg
9238500040,satellite_images\9238500040.jpg
7972601890,satellite_images\7972601890.jpg
7899800450,satellite_images\7899800450.jpg
3126049501,satellite_images\3126049501.jpg
3034200666,satellite_images\3034200666.jpg
3523069008,satellite_images\3523069008.jpg
7304301005,satellite_images\7304301005.jpg
1048000060,satellite_images\1048000060.jpg
6329000050,satellite_images\6329000050.jpg
2488200168,satellite_images\2488200168.jpg
2325400040,satellite_images\2325400040.jpg
3298200620,satellite_images\3298200620.jpg
8682320160,satellite_images\8682320160.jpg
6004510240,satellite_images\6004510240.jpg
9274202165,satellite_images\9274202165.jpg
6131600285,satellite_images\6131600285.jpg
91000135,satellite_images\91000135.jpg
7853220690,satellite_images\7853220690.jpg
1018000110,satellite_images\1018000110.jpg
1245002281,satellite_images\1245002281.jpg
3982700250,satellite_images\3982700250.jpg
5126900100,satellite_images\5126900100.jpg
2420069042,satellite_images\2420069042.jpg
3327020290,satellite_images\3327020290.jpg
5095400460,satellite_images\5095400460.jpg
3901100015,satellite_images\3901100015.jpg
224059111,satellite_images\224059111.jpg
8165501640,satellite_images\8165501640.jpg
8673400020,satellite_images\8673400020.jpg
7217400650,satellite_images\7217400650.jpg
7237500360,satellite_images\7237500360.jpg
7452500530,satellite_images\7452500530.jpg
9550204590,satellite_images\9550204590.jpg
1934800133,satellite_images\1934800133.jpg
5427100150,satellite_images\5427100150.jpg
1081300450,satellite_images\1081300450.jpg
7129302555,satellite_images\7129302555.jpg
1453600202,satellite_images\1453600202.jpg
7522700110,satellite_images\7522700110.jpg
5450300195,satellite_images\5450300195.jpg
4438000075,satellite_images\4438000075.jpg
9141100255,satellite_images\9141100255.jpg
1023059186,satellite_images\1023059186.jpg
7501000130,satellite_images\7501000130.jpg
7140700300,satellite_images\7140700300.jpg
6445800015,satellite_images\6445800015.jpg
7853220210,satellite_images\7853220210.jpg
3034200198,satellite_images\3034200198.jpg
9542300530,satellite_images\9542300530.jpg
8563000130,satellite_images\8563000130.jpg
3226200105,satellite_images\3226200105.jpg
7866500035,satellite_images\7866500035.jpg
2135200155,satellite_images\2135200155.jpg
9191201385,satellite_images\9191201385.jpg
255000270,satellite_images\255000270.jpg
1454100650,satellite_images\1454100650.jpg
2922059212,satellite_images\2922059212.jpg
5710610800,satellite_images\5710610800.jpg
254000545,satellite_images\254000545.jpg
5592050080,satellite_images\5592050080.jpg
7375300100,satellite_images\7375300100.jpg
7853302520,satellite_images\7853302520.jpg
6804600260,satellite_images\6804600260.jpg
4249000230,satellite_images\4249000230.jpg
7878400022,satellite_images\7878400022.jpg
3860900111,satellite_images\3860900111.jpg
1081330030,satellite_images\1081330030.jpg
7308600040,satellite_images\7308600040.jpg
2770603522,satellite_images\2770603522.jpg
8651610580,satellite_images\8651610580.jpg
6929602721,satellite_images\6929602721.jpg
3971700903,satellite_images\3971700903.jpg
8824900050,satellite_images\8824900050.jpg
7936000429,satellite_images\7936000429.jpg
1930301015,satellite_images\1930301015.jpg
1370803180,satellite_images\1370803180.jpg
6791000050,satellite_images\6791000050.jpg
5700001055,satellite_images\5700001055.jpg
8024202380,satellite_images\8024202380.jpg
2771601940,satellite_images\2771601940.jpg
3864000120,satellite_images\3864000120.jpg
2310110070,satellite_images\2310110070.jpg
2483200060,satellite_images\2483200060.jpg
2473370890,satellite_images\2473370890.jpg
7399000580,satellite_images\7399000580.jpg
6385910260,satellite_images\6385910260.jpg
2848700585,satellite_images\2848700585.jpg
1742800060,satellite_images\1742800060.jpg
3768000280,satellite_images\3768000280.jpg
603001045,satellite_images\603001045.jpg
4221260050,satellite_images\4221260050.jpg
2517000150,satellite_images\2517000150.jpg
9268850940,satellite_images\9268850940.jpg
6163901383,satellite_images\6163901383.jpg
7214820200,satellite_images\7214820200.jpg
2591830350,satellite_images\2591830350.jpg
5556300098,satellite_images\5556300098.jpg
6705870080,satellite_images\6705870080.jpg
7856400300,satellite_images\7856400300.jpg
9276202190,satellite_images\9276202190.jpg
6684500040,satellite_images\6684500040.jpg
3303980500,satellite_images\3303980500.jpg
7212650950,satellite_images\7212650950.jpg
3326059254,satellite_images\3326059254.jpg
2767603962,satellite_images\2767603962.jpg
7237450130,satellite_images\7237450130.jpg
1239400570,satellite_images\1239400570.jpg
1822069041,satellite_images\1822069041.jpg
1726600110,satellite_images\1726600110.jpg
1926069137,satellite_images\1926069137.jpg
3901100055,satellite_images\3901100055.jpg
3956100050,satellite_images\3956100050.jpg
1310440470,satellite_images\1310440470.jpg
461000390,satellite_images\461000390.jpg
1036450290,satellite_images\1036450290.jpg
4019500160,satellite_images\4019500160.jpg
4440400155,satellite_images\4440400155.jpg
1446400615,satellite_images\1446400615.jpg
6619910240,satellite_images\6619910240.jpg
5351200265,satellite_images\5351200265.jpg
2621750280,satellite_images\2621750280.jpg
3885805640,satellite_images\3885805640.jpg
324000350,satellite_images\324000350.jpg
1324079046,satellite_images\1324079046.jpg
2979800520,satellite_images\2979800520.jpg
8691360490,satellite_images\8691360490.jpg
646910480,satellite_images\646910480.jpg
4058800439,satellite_images\4058800439.jpg
8856500220,satellite_images\8856500220.jpg
7340500270,satellite_images\7340500270.jpg
1156000100,satellite_images\1156000100.jpg
5635100090,satellite_images\5635100090.jpg
293760210,satellite_images\293760210.jpg
537000130,satellite_images\537000130.jpg
2781270090,satellite_images\2781270090.jpg
7852130550,satellite_images\7852130550.jpg
1169000057,satellite_images\1169000057.jpg
4054560140,satellite_images\4054560140.jpg
8000200090,satellite_images\8000200090.jpg
7501000340,satellite_images\7501000340.jpg
1626069220,satellite_images\1626069220.jpg
7899800045,satellite_images\7899800045.jpg
9178601630,satellite_images\9178601630.jpg
1563102965,satellite_images\1563102965.jpg
1139600270,satellite_images\1139600270.jpg
1771110640,satellite_images\1771110640.jpg
1438000010,satellite_images\1438000010.jpg
2599200460,satellite_images\2599200460.jpg
9238500410,satellite_images\9238500410.jpg
923000115,satellite_images\923000115.jpg
7936000562,satellite_images\7936000562.jpg
252000400,satellite_images\252000400.jpg
9280200030,satellite_images\9280200030.jpg
3876312620,satellite_images\3876312620.jpg
7852010670,satellite_images\7852010670.jpg
2517010230,satellite_images\2517010230.jpg
7183000120,satellite_images\7183000120.jpg
1692900095,satellite_images\1692900095.jpg
1442880510,satellite_images\1442880510.jpg
255450390,satellite_images\255450390.jpg
1931300035,satellite_images\1931300035.jpg
472000015,satellite_images\472000015.jpg
9268710390,satellite_images\9268710390.jpg
2223089053,satellite_images\2223089053.jpg
9307300100,satellite_images\9307300100.jpg
1025049266,satellite_images\1025049266.jpg
2473400110,satellite_images\2473400110.jpg
3763300040,satellite_images\3763300040.jpg
626059365,satellite_images\626059365.jpg
3878900225,satellite_images\3878900225.jpg
3102700160,satellite_images\3102700160.jpg
1720069006,satellite_images\1720069006.jpg
421000215,satellite_images\421000215.jpg
3395000070,satellite_images\3395000070.jpg
7859960250,satellite_images\7859960250.jpg
2212210660,satellite_images\2212210660.jpg
2475200080,satellite_images\2475200080.jpg
4187000250,satellite_images\4187000250.jpg
4040500100,satellite_images\4040500100.jpg
7851990240,satellite_images\7851990240.jpg
2212210360,satellite_images\2212210360.jpg
1214000080,satellite_images\1214000080.jpg
5491200210,satellite_images\5491200210.jpg
4037200690,satellite_images\4037200690.jpg
7715801040,satellite_images\7715801040.jpg
3205000050,satellite_images\3205000050.jpg
2600110710,satellite_images\2600110710.jpg
6818400110,satellite_images\6818400110.jpg
3407700012,satellite_images\3407700012.jpg
5418200245,satellite_images\5418200245.jpg
1102001112,satellite_images\1102001112.jpg
4039701080,satellite_images\4039701080.jpg
2619950490,satellite_images\2619950490.jpg
626710220,satellite_images\626710220.jpg
8024201525,satellite_images\8024201525.jpg
1923099058,satellite_images\1923099058.jpg
2296700470,satellite_images\2296700470.jpg
3754501060,satellite_images\3754501060.jpg
8835800480,satellite_images\8835800480.jpg
1441000470,satellite_images\1441000470.jpg
4036801170,satellite_images\4036801170.jpg
2895200150,satellite_images\2895200150.jpg
1630700380,satellite_images\1630700380.jpg
2329800430,satellite_images\2329800430.jpg
2887700995,satellite_images\2887700995.jpg
8900000100,satellite_images\8900000100.jpg
8651402910,satellite_images\8651402910.jpg
8864000440,satellite_images\8864000440.jpg
822059059,satellite_images\822059059.jpg
8827900560,satellite_images\8827900560.jpg
9541600060,satellite_images\9541600060.jpg
98300230,satellite_images\98300230.jpg
6021501535,satellite_images\6021501535.jpg
1853081060,satellite_images\1853081060.jpg
3262300555,satellite_images\3262300555.jpg
7853400260,satellite_images\7853400260.jpg
795000885,satellite_images\795000885.jpg
8035600290,satellite_images\8035600290.jpg
2591850080,satellite_images\2591850080.jpg
9826701794,satellite_images\9826701794.jpg
7852140040,satellite_images\7852140040.jpg
1105000233,satellite_images\1105000233.jpg
5418500800,satellite_images\5418500800.jpg
3432500760,satellite_images\3432500760.jpg
1865400076,satellite_images\1865400076.jpg
2517000700,satellite_images\2517000700.jpg
9542800610,satellite_images\9542800610.jpg
1796360470,satellite_images\1796360470.jpg
8084900195,satellite_images\8084900195.jpg
3885803465,satellite_images\3885803465.jpg
795001600,satellite_images\795001600.jpg
2354300910,satellite_images\2354300910.jpg
6817850050,satellite_images\6817850050.jpg
1015500300,satellite_images\1015500300.jpg
1782000180,satellite_images\1782000180.jpg
8965410150,satellite_images\8965410150.jpg
8648900010,satellite_images\8648900010.jpg
5631500400,satellite_images\5631500400.jpg
6600790210,satellite_images\6600790210.jpg
1245003375,satellite_images\1245003375.jpg
1788700295,satellite_images\1788700295.jpg
8822901024,satellite_images\8822901024.jpg
7922750150,satellite_images\7922750150.jpg
3935900350,satellite_images\3935900350.jpg
8566100160,satellite_images\8566100160.jpg
6187700501,satellite_images\6187700501.jpg
7518500985,satellite_images\7518500985.jpg
9542000340,satellite_images\9542000340.jpg
8005100360,satellite_images\8005100360.jpg
3629800100,satellite_images\3629800100.jpg
732000160,satellite_images\732000160.jpg
3831250150,satellite_images\3831250150.jpg
9430110030,satellite_images\9430110030.jpg
6073500160,satellite_images\6073500160.jpg
5467910020,satellite_images\5467910020.jpg
3579000440,satellite_images\3579000440.jpg
1061500630,satellite_images\1061500630.jpg
2525049113,satellite_images\2525049113.jpg
923049440,satellite_images\923049440.jpg
7866000158,satellite_images\7866000158.jpg
3374900035,satellite_images\3374900035.jpg
1770000330,satellite_images\1770000330.jpg
1151100165,satellite_images\1151100165.jpg
3253500030,satellite_images\3253500030.jpg
2571910380,satellite_images\2571910380.jpg
8026700105,satellite_images\8026700105.jpg
4054500590,satellite_images\4054500590.jpg
3447000060,satellite_images\3447000060.jpg
3797001920,satellite_images\3797001920.jpg
7340601063,satellite_images\7340601063.jpg
9542850320,satellite_images\9542850320.jpg
9477100620,satellite_images\9477100620.jpg
5366200030,satellite_images\5366200030.jpg
9558021010,satellite_images\9558021010.jpg
9274200850,satellite_images\9274200850.jpg
2354300740,satellite_images\2354300740.jpg
7883605985,satellite_images\7883605985.jpg
8825900855,satellite_images\8825900855.jpg
1870400615,satellite_images\1870400615.jpg
2473380920,satellite_images\2473380920.jpg
8127700410,satellite_images\8127700410.jpg
7211402305,satellite_images\7211402305.jpg
3365901435,satellite_images\3365901435.jpg
6817800910,satellite_images\6817800910.jpg
7418700050,satellite_images\7418700050.jpg
3905090080,satellite_images\3905090080.jpg
5028600550,satellite_images\5028600550.jpg
203100910,satellite_images\203100910.jpg
5561400740,satellite_images\5561400740.jpg
5466300130,satellite_images\5466300130.jpg
722069057,satellite_images\722069057.jpg
9352901085,satellite_images\9352901085.jpg
255550270,satellite_images\255550270.jpg
1683600110,satellite_images\1683600110.jpg
4388600030,satellite_images\4388600030.jpg
7857000861,satellite_images\7857000861.jpg
7369600080,satellite_images\7369600080.jpg
5100404030,satellite_images\5100404030.jpg
8699100240,satellite_images\8699100240.jpg
1724069079,satellite_images\1724069079.jpg
6817801430,satellite_images\6817801430.jpg
2207200405,satellite_images\2207200405.jpg
1736800920,satellite_images\1736800920.jpg
7227501745,satellite_images\7227501745.jpg
4055700345,satellite_images\4055700345.jpg
3904900530,satellite_images\3904900530.jpg
2771602427,satellite_images\2771602427.jpg
6371000020,satellite_images\6371000020.jpg
9212900180,satellite_images\9212900180.jpg
7606200275,satellite_images\7606200275.jpg
7788400065,satellite_images\7788400065.jpg
8825900245,satellite_images\8825900245.jpg
4167300300,satellite_images\4167300300.jpg
7202330410,satellite_images\7202330410.jpg
999000215,satellite_images\999000215.jpg
3126049517,satellite_images\3126049517.jpg
7523700305,satellite_images\7523700305.jpg
9828702156,satellite_images\9828702156.jpg
2211700160,satellite_images\2211700160.jpg
6071800100,satellite_images\6071800100.jpg
3244500158,satellite_images\3244500158.jpg
1525059261,satellite_images\1525059261.jpg
9269750460,satellite_images\9269750460.jpg
7202290240,satellite_images\7202290240.jpg
4027701182,satellite_images\4027701182.jpg
6679000720,satellite_images\6679000720.jpg
3438500677,satellite_images\3438500677.jpg
5249801440,satellite_images\5249801440.jpg
8691360200,satellite_images\8691360200.jpg
3905120330,satellite_images\3905120330.jpg
2432000130,satellite_images\2432000130.jpg
7010700245,satellite_images\7010700245.jpg
3625059143,satellite_images\3625059143.jpg
4167100240,satellite_images\4167100240.jpg
4204400098,satellite_images\4204400098.jpg
4039400410,satellite_images\4039400410.jpg
2723069147,satellite_images\2723069147.jpg
8898700820,satellite_images\8898700820.jpg
2329500260,satellite_images\2329500260.jpg
7899800730,satellite_images\7899800730.jpg
464000600,satellite_images\464000600.jpg
9476200710,satellite_images\9476200710.jpg
8018000020,satellite_images\8018000020.jpg
2013801086,satellite_images\2013801086.jpg
2895550330,satellite_images\2895550330.jpg
1394300005,satellite_images\1394300005.jpg
126039305,satellite_images\126039305.jpg
7129800063,satellite_images\7129800063.jpg
7211401975,satellite_images\7211401975.jpg
629600130,satellite_images\629600130.jpg
8643200035,satellite_images\8643200035.jpg
5450500010,satellite_images\5450500010.jpg
7686205020,satellite_images\7686205020.jpg
3876300310,satellite_images\3876300310.jpg
1923800135,satellite_images\1923800135.jpg
9541800075,satellite_images\9541800075.jpg
9348700480,satellite_images\9348700480.jpg
3022039069,satellite_images\3022039069.jpg
6388910160,satellite_images\6388910160.jpg
7374200030,satellite_images\7374200030.jpg
6072100790,satellite_images\6072100790.jpg
8835700330,satellite_images\8835700330.jpg
2050100450,satellite_images\2050100450.jpg
1423089055,satellite_images\1423089055.jpg
1176001123,satellite_images\1176001123.jpg
7855801610,satellite_images\7855801610.jpg
4136950200,satellite_images\4136950200.jpg
2979801095,satellite_images\2979801095.jpg
1471701470,satellite_images\1471701470.jpg
2921049079,satellite_images\2921049079.jpg
8078350520,satellite_images\8078350520.jpg
6751100205,satellite_images\6751100205.jpg
7229100180,satellite_images\7229100180.jpg
5205000250,satellite_images\5205000250.jpg
7663700772,satellite_images\7663700772.jpg
3333000655,satellite_images\3333000655.jpg
1085622860,satellite_images\1085622860.jpg
7299601460,satellite_images\7299601460.jpg
5093300325,satellite_images\5093300325.jpg
251620110,satellite_images\251620110.jpg
3575305485,satellite_images\3575305485.jpg
2944500420,satellite_images\2944500420.jpg
8079100210,satellite_images\8079100210.jpg
7677300010,satellite_images\7677300010.jpg
1471610060,satellite_images\1471610060.jpg
7856410020,satellite_images\7856410020.jpg
3630200640,satellite_images\3630200640.jpg
7960100260,satellite_images\7960100260.jpg
3882320010,satellite_images\3882320010.jpg
7504200120,satellite_images\7504200120.jpg
4136890560,satellite_images\4136890560.jpg
3300760020,satellite_images\3300760020.jpg
1117300050,satellite_images\1117300050.jpg
3826000470,satellite_images\3826000470.jpg
2412600070,satellite_images\2412600070.jpg
952000640,satellite_images\952000640.jpg
7852190630,satellite_images\7852190630.jpg
1026069172,satellite_images\1026069172.jpg
2768200209,satellite_images\2768200209.jpg
9187200345,satellite_images\9187200345.jpg
3709500180,satellite_images\3709500180.jpg
4307330050,satellite_images\4307330050.jpg
6699930260,satellite_images\6699930260.jpg
7299600180,satellite_images\7299600180.jpg
9828702667,satellite_images\9828702667.jpg
1079600270,satellite_images\1079600270.jpg
3625059109,satellite_images\3625059109.jpg
3630120880,satellite_images\3630120880.jpg
924069190,satellite_images\924069190.jpg
1087700030,satellite_images\1087700030.jpg
7853301570,satellite_images\7853301570.jpg
1422300100,satellite_images\1422300100.jpg
3959400335,satellite_images\3959400335.jpg
163000010,satellite_images\163000010.jpg
6163900628,satellite_images\6163900628.jpg
7974700150,satellite_images\7974700150.jpg
9274202620,satellite_images\9274202620.jpg
8682300010,satellite_images\8682300010.jpg
7942602080,satellite_images\7942602080.jpg
7370600045,satellite_images\7370600045.jpg
1211000185,satellite_images\1211000185.jpg
4364700600,satellite_images\4364700600.jpg
2386000020,satellite_images\2386000020.jpg
1822350180,satellite_images\1822350180.jpg
8651402920,satellite_images\8651402920.jpg
121039038,satellite_images\121039038.jpg
7875400050,satellite_images\7875400050.jpg
4239410220,satellite_images\4239410220.jpg
5332200550,satellite_images\5332200550.jpg
993001332,satellite_images\993001332.jpg
7853220330,satellite_images\7853220330.jpg
8923100125,satellite_images\8923100125.jpg
1823049202,satellite_images\1823049202.jpg
2524049250,satellite_images\2524049250.jpg
2354300915,satellite_images\2354300915.jpg
7574200210,satellite_images\7574200210.jpg
238000201,satellite_images\238000201.jpg
4137040060,satellite_images\4137040060.jpg
3023059071,satellite_images\3023059071.jpg
2473351050,satellite_images\2473351050.jpg
2326600150,satellite_images\2326600150.jpg
3123089027,satellite_images\3123089027.jpg
3438500339,satellite_images\3438500339.jpg
7625701830,satellite_images\7625701830.jpg
9534400010,satellite_images\9534400010.jpg
9297301535,satellite_images\9297301535.jpg
9547202265,satellite_images\9547202265.jpg
5561400220,satellite_images\5561400220.jpg
7338401759,satellite_images\7338401759.jpg
4229400015,satellite_images\4229400015.jpg
2767604724,satellite_images\2767604724.jpg
2140700190,satellite_images\2140700190.jpg
1887000100,satellite_images\1887000100.jpg
2997800075,satellite_images\2997800075.jpg
8651520420,satellite_images\8651520420.jpg
908000260,satellite_images\908000260.jpg
1088801350,satellite_images\1088801350.jpg
2767603608,satellite_images\2767603608.jpg
3034200036,satellite_images\3034200036.jpg
3616600231,satellite_images\3616600231.jpg
5083000375,satellite_images\5083000375.jpg
1392800035,satellite_images\1392800035.jpg
6329000185,satellite_images\6329000185.jpg
1338801060,satellite_images\1338801060.jpg
1591600044,satellite_images\1591600044.jpg
7763400035,satellite_images\7763400035.jpg
3824100041,satellite_images\3824100041.jpg
4083303540,satellite_images\4083303540.jpg
3508100135,satellite_images\3508100135.jpg
3630220140,satellite_images\3630220140.jpg
2568300045,satellite_images\2568300045.jpg
1774000050,satellite_images\1774000050.jpg
3353401710,satellite_images\3353401710.jpg
2979800409,satellite_images\2979800409.jpg
2623069106,satellite_images\2623069106.jpg
4226900211,satellite_images\4226900211.jpg
8731951670,satellite_images\8731951670.jpg
3342103149,satellite_images\3342103149.jpg
7419700015,satellite_images\7419700015.jpg
6413100090,satellite_images\6413100090.jpg
7452500340,satellite_images\7452500340.jpg
3331000070,satellite_images\3331000070.jpg
2887950020,satellite_images\2887950020.jpg
8078460810,satellite_images\8078460810.jpg
9818700215,satellite_images\9818700215.jpg
524059093,satellite_images\524059093.jpg
2138000120,satellite_images\2138000120.jpg
8731982630,satellite_images\8731982630.jpg
1972201960,satellite_images\1972201960.jpg
123039626,satellite_images\123039626.jpg
6403500290,satellite_images\6403500290.jpg
3275730120,satellite_images\3275730120.jpg
3820350070,satellite_images\3820350070.jpg
7387500335,satellite_images\7387500335.jpg
4338800720,satellite_images\4338800720.jpg
13001991,satellite_images\13001991.jpg
9346920260,satellite_images\9346920260.jpg
1934800022,satellite_images\1934800022.jpg
8731800210,satellite_images\8731800210.jpg
2225059273,satellite_images\2225059273.jpg
6372000297,satellite_images\6372000297.jpg
5649600464,satellite_images\5649600464.jpg
2011400520,satellite_images\2011400520.jpg
6082400191,satellite_images\6082400191.jpg
3395300180,satellite_images\3395300180.jpg
8567450180,satellite_images\8567450180.jpg
6121800065,satellite_images\6121800065.jpg
5457800930,satellite_images\5457800930.jpg
4100000040,satellite_images\4100000040.jpg
6909200037,satellite_images\6909200037.jpg
1471701170,satellite_images\1471701170.jpg
3226049080,satellite_images\3226049080.jpg
9286000240,satellite_images\9286000240.jpg
6838700060,satellite_images\6838700060.jpg
5700003810,satellite_images\5700003810.jpg
5693500270,satellite_images\5693500270.jpg
1854900470,satellite_images\1854900470.jpg
1223039242,satellite_images\1223039242.jpg
829000160,satellite_images\829000160.jpg
8832900360,satellite_images\8832900360.jpg
1323059098,satellite_images\1323059098.jpg
1761300850,satellite_images\1761300850.jpg
9578500820,satellite_images\9578500820.jpg
7504110030,satellite_images\7504110030.jpg
2798000020,satellite_images\2798000020.jpg
7504200250,satellite_images\7504200250.jpg
3558910640,satellite_images\3558910640.jpg
6197800045,satellite_images\6197800045.jpg
6139100101,satellite_images\6139100101.jpg
4038200480,satellite_images\4038200480.jpg
3089000005,satellite_images\3089000005.jpg
7577700070,satellite_images\7577700070.jpg
1370802115,satellite_images\1370802115.jpg
2207100255,satellite_images\2207100255.jpg
6929603769,satellite_images\6929603769.jpg
2489200165,satellite_images\2489200165.jpg
3134100116,satellite_images\3134100116.jpg
3878900681,satellite_images\3878900681.jpg
1226039129,satellite_images\1226039129.jpg
993000136,satellite_images\993000136.jpg
4047200825,satellite_images\4047200825.jpg
106000044,satellite_images\106000044.jpg
7613700521,satellite_images\7613700521.jpg
4139440360,satellite_images\4139440360.jpg
2493200155,satellite_images\2493200155.jpg
1513800170,satellite_images\1513800170.jpg
2600300110,satellite_images\2600300110.jpg
255450030,satellite_images\255450030.jpg
9353300090,satellite_images\9353300090.jpg
4038000055,satellite_images\4038000055.jpg
2321300351,satellite_images\2321300351.jpg
1138010520,satellite_images\1138010520.jpg
1423069129,satellite_images\1423069129.jpg
9510900610,satellite_images\9510900610.jpg
8092000330,satellite_images\8092000330.jpg
5468770250,satellite_images\5468770250.jpg
9831200500,satellite_images\9831200500.jpg
5126300770,satellite_images\5126300770.jpg
225039029,satellite_images\225039029.jpg
2113701080,satellite_images\2113701080.jpg
1377800010,satellite_images\1377800010.jpg
7452500815,satellite_images\7452500815.jpg
3332500095,satellite_images\3332500095.jpg
203900380,satellite_images\203900380.jpg
2424059018,satellite_images\2424059018.jpg
2768200210,satellite_images\2768200210.jpg
4310700020,satellite_images\4310700020.jpg
5318100840,satellite_images\5318100840.jpg
9315300260,satellite_images\9315300260.jpg
425059103,satellite_images\425059103.jpg
6306100080,satellite_images\6306100080.jpg
59000445,satellite_images\59000445.jpg
5249803010,satellite_images\5249803010.jpg
1646502055,satellite_images\1646502055.jpg
9826701345,satellite_images\9826701345.jpg
4054700300,satellite_images\4054700300.jpg
4325700085,satellite_images\4325700085.jpg
7508700085,satellite_images\7508700085.jpg
2946002914,satellite_images\2946002914.jpg
8121200530,satellite_images\8121200530.jpg
8091670190,satellite_images\8091670190.jpg
1665400025,satellite_images\1665400025.jpg
7942601810,satellite_images\7942601810.jpg
9830200230,satellite_images\9830200230.jpg
705710640,satellite_images\705710640.jpg
7116500925,satellite_images\7116500925.jpg
4077800029,satellite_images\4077800029.jpg
8563050350,satellite_images\8563050350.jpg
6021502750,satellite_images\6021502750.jpg
2878600200,satellite_images\2878600200.jpg
7625700020,satellite_images\7625700020.jpg
3670500465,satellite_images\3670500465.jpg
9550202870,satellite_images\9550202870.jpg
2608300030,satellite_images\2608300030.jpg
2421059017,satellite_images\2421059017.jpg
3019300090,satellite_images\3019300090.jpg
5145100180,satellite_images\5145100180.jpg
4217400120,satellite_images\4217400120.jpg
4309710100,satellite_images\4309710100.jpg
5437800020,satellite_images\5437800020.jpg
7202270830,satellite_images\7202270830.jpg
4319200450,satellite_images\4319200450.jpg
2806300065,satellite_images\2806300065.jpg
1737100040,satellite_images\1737100040.jpg
5459500125,satellite_images\5459500125.jpg
5422500220,satellite_images\5422500220.jpg
6380500151,satellite_images\6380500151.jpg
2387400120,satellite_images\2387400120.jpg
1898600050,satellite_images\1898600050.jpg
5101408835,satellite_images\5101408835.jpg
8691330330,satellite_images\8691330330.jpg
5067400032,satellite_images\5067400032.jpg
8731982050,satellite_images\8731982050.jpg
5318101695,satellite_images\5318101695.jpg
8165100035,satellite_images\8165100035.jpg
3876100080,satellite_images\3876100080.jpg
3271300345,satellite_images\3271300345.jpg
7905400160,satellite_images\7905400160.jpg
4047200135,satellite_images\4047200135.jpg
123000110,satellite_images\123000110.jpg
5071400104,satellite_images\5071400104.jpg
2922703150,satellite_images\2922703150.jpg
7831800411,satellite_images\7831800411.jpg
3558900590,satellite_images\3558900590.jpg
418000330,satellite_images\418000330.jpg
9551201155,satellite_images\9551201155.jpg
2871000360,satellite_images\2871000360.jpg
5561000420,satellite_images\5561000420.jpg
1723049624,satellite_images\1723049624.jpg
4054500390,satellite_images\4054500390.jpg
7015200615,satellite_images\7015200615.jpg
3126049446,satellite_images\3126049446.jpg
2618300190,satellite_images\2618300190.jpg
2991000160,satellite_images\2991000160.jpg
7853240310,satellite_images\7853240310.jpg
8078420230,satellite_images\8078420230.jpg
4039701280,satellite_images\4039701280.jpg
1441800010,satellite_images\1441800010.jpg
2742100250,satellite_images\2742100250.jpg
8077210350,satellite_images\8077210350.jpg
2195900010,satellite_images\2195900010.jpg
8944550140,satellite_images\8944550140.jpg
9285800590,satellite_images\9285800590.jpg
5649300160,satellite_images\5649300160.jpg
3034200550,satellite_images\3034200550.jpg
236500010,satellite_images\236500010.jpg
6197800101,satellite_images\6197800101.jpg
4326000220,satellite_images\4326000220.jpg
9238450430,satellite_images\9238450430.jpg
9517200480,satellite_images\9517200480.jpg
1901600090,satellite_images\1901600090.jpg
4099500935,satellite_images\4099500935.jpg
423059039,satellite_images\423059039.jpg
2968801366,satellite_images\2968801366.jpg
1523069086,satellite_images\1523069086.jpg
2558700220,satellite_images\2558700220.jpg
8570900162,satellite_images\8570900162.jpg
5297200089,satellite_images\5297200089.jpg
3832070040,satellite_images\3832070040.jpg
7436300180,satellite_images\7436300180.jpg
9191201790,satellite_images\9191201790.jpg
9183701345,satellite_images\9183701345.jpg
6671900130,satellite_images\6671900130.jpg
9465910150,satellite_images\9465910150.jpg
4337000070,satellite_images\4337000070.jpg
2568300132,satellite_images\2568300132.jpg
222069029,satellite_images\222069029.jpg
4083306720,satellite_images\4083306720.jpg
5561400440,satellite_images\5561400440.jpg
6403500570,satellite_images\6403500570.jpg
8847400115,satellite_images\8847400115.jpg
6918700130,satellite_images\6918700130.jpg
2768300736,satellite_images\2768300736.jpg
5137300130,satellite_images\5137300130.jpg
2581900036,satellite_images\2581900036.jpg
5013500110,satellite_images\5013500110.jpg
5078400035,satellite_images\5078400035.jpg
5587000010,satellite_images\5587000010.jpg
3840700455,satellite_images\3840700455.jpg
2895800640,satellite_images\2895800640.jpg
3825311210,satellite_images\3825311210.jpg
2592220040,satellite_images\2592220040.jpg
7137970340,satellite_images\7137970340.jpg
1023059429,satellite_images\1023059429.jpg
1788900230,satellite_images\1788900230.jpg
3211101010,satellite_images\3211101010.jpg
8901000911,satellite_images\8901000911.jpg
1241500155,satellite_images\1241500155.jpg
7010700936,satellite_images\7010700936.jpg
4051100230,satellite_images\4051100230.jpg
1982201255,satellite_images\1982201255.jpg
1324300380,satellite_images\1324300380.jpg
9188200505,satellite_images\9188200505.jpg
6791200120,satellite_images\6791200120.jpg
5111400086,satellite_images\5111400086.jpg
2767603753,satellite_images\2767603753.jpg
2976800360,satellite_images\2976800360.jpg
8857640040,satellite_images\8857640040.jpg
9478500640,satellite_images\9478500640.jpg
3971700940,satellite_images\3971700940.jpg
1827200135,satellite_images\1827200135.jpg
9828702812,satellite_images\9828702812.jpg
9126100861,satellite_images\9126100861.jpg
3860400100,satellite_images\3860400100.jpg
3622069050,satellite_images\3622069050.jpg
9284801845,satellite_images\9284801845.jpg
7852030790,satellite_images\7852030790.jpg
2722049092,satellite_images\2722049092.jpg
9477580110,satellite_images\9477580110.jpg
2492200055,satellite_images\2492200055.jpg
9485950340,satellite_images\9485950340.jpg
7199310290,satellite_images\7199310290.jpg
1235100328,satellite_images\1235100328.jpg
1787600294,satellite_images\1787600294.jpg
6600490220,satellite_images\6600490220.jpg
1839910470,satellite_images\1839910470.jpg
714000195,satellite_images\714000195.jpg
2254100090,satellite_images\2254100090.jpg
3797300190,satellite_images\3797300190.jpg
7560000050,satellite_images\7560000050.jpg
7457000005,satellite_images\7457000005.jpg
2224079001,satellite_images\2224079001.jpg
7682200320,satellite_images\7682200320.jpg
9550200650,satellite_images\9550200650.jpg
4475000120,satellite_images\4475000120.jpg
9310300160,satellite_images\9310300160.jpg
7399300780,satellite_images\7399300780.jpg
9169100175,satellite_images\9169100175.jpg
3797300140,satellite_images\3797300140.jpg
4027700666,satellite_images\4027700666.jpg
1923069078,satellite_images\1923069078.jpg
7784400060,satellite_images\7784400060.jpg
2207200820,satellite_images\2207200820.jpg
4232903990,satellite_images\4232903990.jpg
2523069134,satellite_images\2523069134.jpg
98030660,satellite_images\98030660.jpg
524069037,satellite_images\524069037.jpg
4154300296,satellite_images\4154300296.jpg
2172000846,satellite_images\2172000846.jpg
1123049126,satellite_images\1123049126.jpg
7640400190,satellite_images\7640400190.jpg
1433500050,satellite_images\1433500050.jpg
1931300110,satellite_images\1931300110.jpg
2525500260,satellite_images\2525500260.jpg
5700004040,satellite_images\5700004040.jpg
3670500710,satellite_images\3670500710.jpg
1954440050,satellite_images\1954440050.jpg
5347200220,satellite_images\5347200220.jpg
2215500080,satellite_images\2215500080.jpg
7625704005,satellite_images\7625704005.jpg
2493200370,satellite_images\2493200370.jpg
3343902650,satellite_images\3343902650.jpg
1853081000,satellite_images\1853081000.jpg
1126059022,satellite_images\1126059022.jpg
2436700625,satellite_images\2436700625.jpg
7844200425,satellite_images\7844200425.jpg
3904940160,satellite_images\3904940160.jpg
7131300047,satellite_images\7131300047.jpg
624100010,satellite_images\624100010.jpg
1972200660,satellite_images\1972200660.jpg
1898900280,satellite_images\1898900280.jpg
3578401760,satellite_images\3578401760.jpg
2744000100,satellite_images\2744000100.jpg
8691440220,satellite_images\8691440220.jpg
5505700030,satellite_images\5505700030.jpg
8835220210,satellite_images\8835220210.jpg
9512501450,satellite_images\9512501450.jpg
5381000048,satellite_images\5381000048.jpg
2525000220,satellite_images\2525000220.jpg
2321300325,satellite_images\2321300325.jpg
7017200120,satellite_images\7017200120.jpg
2297400090,satellite_images\2297400090.jpg
1330900230,satellite_images\1330900230.jpg
7211400615,satellite_images\7211400615.jpg
6616000010,satellite_images\6616000010.jpg
2206700165,satellite_images\2206700165.jpg
9808700025,satellite_images\9808700025.jpg
5036300431,satellite_images\5036300431.jpg
5420300270,satellite_images\5420300270.jpg
2594200230,satellite_images\2594200230.jpg
3157600240,satellite_images\3157600240.jpg
1972201965,satellite_images\1972201965.jpg
4038100360,satellite_images\4038100360.jpg
8682231210,satellite_images\8682231210.jpg
2021201085,satellite_images\2021201085.jpg
3364900040,satellite_images\3364900040.jpg
3211600140,satellite_images\3211600140.jpg
2927600155,satellite_images\2927600155.jpg
5309101050,satellite_images\5309101050.jpg
2570500090,satellite_images\2570500090.jpg
1898200100,satellite_images\1898200100.jpg
3731800055,satellite_images\3731800055.jpg
9406700180,satellite_images\9406700180.jpg
7278100515,satellite_images\7278100515.jpg
5035300871,satellite_images\5035300871.jpg
3885803245,satellite_images\3885803245.jpg
9297300750,satellite_images\9297300750.jpg
2781250750,satellite_images\2781250750.jpg
7520000520,satellite_images\7520000520.jpg
8078490090,satellite_images\8078490090.jpg
293070010,satellite_images\293070010.jpg
1623300055,satellite_images\1623300055.jpg
2526039156,satellite_images\2526039156.jpg
6056100383,satellite_images\6056100383.jpg
1473060030,satellite_images\1473060030.jpg
6384500581,satellite_images\6384500581.jpg
2825059256,satellite_images\2825059256.jpg
3422059010,satellite_images\3422059010.jpg
3300700480,satellite_images\3300700480.jpg
9222400605,satellite_images\9222400605.jpg
3438500168,satellite_images\3438500168.jpg
2595300155,satellite_images\2595300155.jpg
2473101360,satellite_images\2473101360.jpg
3172600151,satellite_images\3172600151.jpg
6132600315,satellite_images\6132600315.jpg
461002890,satellite_images\461002890.jpg
8901001290,satellite_images\8901001290.jpg
4383500030,satellite_images\4383500030.jpg
5727000010,satellite_images\5727000010.jpg
312000265,satellite_images\312000265.jpg
1926049210,satellite_images\1926049210.jpg
5381000072,satellite_images\5381000072.jpg
4468400211,satellite_images\4468400211.jpg
4025300371,satellite_images\4025300371.jpg
5458800425,satellite_images\5458800425.jpg
4038400150,satellite_images\4038400150.jpg
8643200060,satellite_images\8643200060.jpg
1703400585,satellite_images\1703400585.jpg
2921049121,satellite_images\2921049121.jpg
323049176,satellite_images\323049176.jpg
269001331,satellite_images\269001331.jpg
1787600165,satellite_images\1787600165.jpg
7387500185,satellite_images\7387500185.jpg
7211401485,satellite_images\7211401485.jpg
2597460090,satellite_images\2597460090.jpg
6802200110,satellite_images\6802200110.jpg
3179101580,satellite_images\3179101580.jpg
3822200036,satellite_images\3822200036.jpg
8861000210,satellite_images\8861000210.jpg
7229800066,satellite_images\7229800066.jpg
2917200085,satellite_images\2917200085.jpg
1049000740,satellite_images\1049000740.jpg
1788700160,satellite_images\1788700160.jpg
3185600040,satellite_images\3185600040.jpg
7697870700,satellite_images\7697870700.jpg
8731902340,satellite_images\8731902340.jpg
439000230,satellite_images\439000230.jpg
3905100740,satellite_images\3905100740.jpg
7214700160,satellite_images\7214700160.jpg
8898700120,satellite_images\8898700120.jpg
6204200560,satellite_images\6204200560.jpg
8091670200,satellite_images\8091670200.jpg
7853350090,satellite_images\7853350090.jpg
3880900245,satellite_images\3880900245.jpg
3124089086,satellite_images\3124089086.jpg
8732300430,satellite_images\8732300430.jpg
7214710300,satellite_images\7214710300.jpg
6639900176,satellite_images\6639900176.jpg
9297302031,satellite_images\9297302031.jpg
1443500120,satellite_images\1443500120.jpg
3920000040,satellite_images\3920000040.jpg
3313600340,satellite_images\3313600340.jpg
1330900570,satellite_images\1330900570.jpg
1454600116,satellite_images\1454600116.jpg
3131201563,satellite_images\3131201563.jpg
8651400730,satellite_images\8651400730.jpg
7000100775,satellite_images\7000100775.jpg
6648500580,satellite_images\6648500580.jpg
2870000040,satellite_images\2870000040.jpg
3260000340,satellite_images\3260000340.jpg
1115450240,satellite_images\1115450240.jpg
7922900030,satellite_images\7922900030.jpg
7338402850,satellite_images\7338402850.jpg
5557700210,satellite_images\5557700210.jpg
2426049078,satellite_images\2426049078.jpg
8121610110,satellite_images\8121610110.jpg
4307340130,satellite_images\4307340130.jpg
4141800030,satellite_images\4141800030.jpg
1771100030,satellite_images\1771100030.jpg
3222079120,satellite_images\3222079120.jpg
522059352,satellite_images\522059352.jpg
1922059298,satellite_images\1922059298.jpg
5100400241,satellite_images\5100400241.jpg
8127700210,satellite_images\8127700210.jpg
3797310010,satellite_images\3797310010.jpg
263000255,satellite_images\263000255.jpg
3629921060,satellite_images\3629921060.jpg
7575500150,satellite_images\7575500150.jpg
7338000270,satellite_images\7338000270.jpg
7200179,satellite_images\7200179.jpg
301400240,satellite_images\301400240.jpg
7972603931,satellite_images\7972603931.jpg
2424059116,satellite_images\2424059116.jpg
2824069180,satellite_images\2824069180.jpg
2725069085,satellite_images\2725069085.jpg
1759701600,satellite_images\1759701600.jpg
3223059015,satellite_images\3223059015.jpg
1920079103,satellite_images\1920079103.jpg
9547202890,satellite_images\9547202890.jpg
3275300270,satellite_images\3275300270.jpg
5416510830,satellite_images\5416510830.jpg
4031700030,satellite_images\4031700030.jpg
1321710030,satellite_images\1321710030.jpg
8099800590,satellite_images\8099800590.jpg
8682262400,satellite_images\8682262400.jpg
9408300380,satellite_images\9408300380.jpg
6821101827,satellite_images\6821101827.jpg
3885807362,satellite_images\3885807362.jpg
1604600085,satellite_images\1604600085.jpg
3755000310,satellite_images\3755000310.jpg
8731900340,satellite_images\8731900340.jpg
1832100055,satellite_images\1832100055.jpg
6788201240,satellite_images\6788201240.jpg
1218000030,satellite_images\1218000030.jpg
8687800065,satellite_images\8687800065.jpg
123039333,satellite_images\123039333.jpg
4083801785,satellite_images\4083801785.jpg
3306200240,satellite_images\3306200240.jpg
923059259,satellite_images\923059259.jpg
4303200555,satellite_images\4303200555.jpg
9542840730,satellite_images\9542840730.jpg
2979800750,satellite_images\2979800750.jpg
3182100105,satellite_images\3182100105.jpg
3735900205,satellite_images\3735900205.jpg
7923300115,satellite_images\7923300115.jpg
3964400470,satellite_images\3964400470.jpg
2287600040,satellite_images\2287600040.jpg
1463400081,satellite_images\1463400081.jpg
8562790980,satellite_images\8562790980.jpg
8068000730,satellite_images\8068000730.jpg
7937600262,satellite_images\7937600262.jpg
3720800070,satellite_images\3720800070.jpg
1176000390,satellite_images\1176000390.jpg
6799300130,satellite_images\6799300130.jpg
4136880460,satellite_images\4136880460.jpg
1695900025,satellite_images\1695900025.jpg
2130410050,satellite_images\2130410050.jpg
148000440,satellite_images\148000440.jpg
6744700302,satellite_images\6744700302.jpg
9465910070,satellite_images\9465910070.jpg
5462100240,satellite_images\5462100240.jpg
203100435,satellite_images\203100435.jpg
3990200065,satellite_images\3990200065.jpg
1721069036,satellite_images\1721069036.jpg
1560100135,satellite_images\1560100135.jpg
8861000060,satellite_images\8861000060.jpg
11200400,satellite_images\11200400.jpg
3856901880,satellite_images\3856901880.jpg
3410600335,satellite_images\3410600335.jpg
1862400215,satellite_images\1862400215.jpg
3278612570,satellite_images\3278612570.jpg
7227501765,satellite_images\7227501765.jpg
6362900007,satellite_images\6362900007.jpg
3530430155,satellite_images\3530430155.jpg
9268200585,satellite_images\9268200585.jpg
2710600025,satellite_images\2710600025.jpg
2475201070,satellite_images\2475201070.jpg
3904990570,satellite_images\3904990570.jpg
3303951600,satellite_images\3303951600.jpg
3319500299,satellite_images\3319500299.jpg
2121000300,satellite_images\2121000300.jpg
1703050200,satellite_images\1703050200.jpg
6145601715,satellite_images\6145601715.jpg
2112700600,satellite_images\2112700600.jpg
1959703070,satellite_images\1959703070.jpg
1441300130,satellite_images\1441300130.jpg
1243100136,satellite_images\1243100136.jpg
1446800710,satellite_images\1446800710.jpg
7511800070,satellite_images\7511800070.jpg
1760651000,satellite_images\1760651000.jpg
5683500030,satellite_images\5683500030.jpg
2597450120,satellite_images\2597450120.jpg
8857640420,satellite_images\8857640420.jpg
1653500070,satellite_images\1653500070.jpg
730000139,satellite_images\730000139.jpg
56000095,satellite_images\56000095.jpg
579002870,satellite_images\579002870.jpg
3204930170,satellite_images\3204930170.jpg
7135520300,satellite_images\7135520300.jpg
2856100360,satellite_images\2856100360.jpg
2595650100,satellite_images\2595650100.jpg
3423600025,satellite_images\3423600025.jpg
1489300005,satellite_images\1489300005.jpg
6669020290,satellite_images\6669020290.jpg
9455200596,satellite_images\9455200596.jpg
2025069037,satellite_images\2025069037.jpg
7454001200,satellite_images\7454001200.jpg
3329510200,satellite_images\3329510200.jpg
9471200115,satellite_images\9471200115.jpg
6136900045,satellite_images\6136900045.jpg
3023000210,satellite_images\3023000210.jpg
6824100005,satellite_images\6824100005.jpg
7555210100,satellite_images\7555210100.jpg
8122101115,satellite_images\8122101115.jpg
7853350170,satellite_images\7853350170.jpg
3425059219,satellite_images\3425059219.jpg
9485300560,satellite_images\9485300560.jpg
7937900220,satellite_images\7937900220.jpg
1952000150,satellite_images\1952000150.jpg
9478500180,satellite_images\9478500180.jpg
325059287,satellite_images\325059287.jpg
2424049029,satellite_images\2424049029.jpg
5458800415,satellite_images\5458800415.jpg
1870400635,satellite_images\1870400635.jpg
8018600880,satellite_images\8018600880.jpg
8075400100,satellite_images\8075400100.jpg
6648760100,satellite_images\6648760100.jpg
2997800076,satellite_images\2997800076.jpg
226039270,satellite_images\226039270.jpg
3629990020,satellite_images\3629990020.jpg
9264940130,satellite_images\9264940130.jpg
5101402618,satellite_images\5101402618.jpg
9528101224,satellite_images\9528101224.jpg
2473380920,satellite_images\2473380920.jpg
8857600820,satellite_images\8857600820.jpg
2770604575,satellite_images\2770604575.jpg
9357000650,satellite_images\9357000650.jpg
6728700075,satellite_images\6728700075.jpg
613400030,satellite_images\613400030.jpg
3905100380,satellite_images\3905100380.jpg
8691390460,satellite_images\8691390460.jpg
5561200980,satellite_images\5561200980.jpg
3885805896,satellite_images\3885805896.jpg
7526400100,satellite_images\7526400100.jpg
629800660,satellite_images\629800660.jpg
7237450190,satellite_images\7237450190.jpg
1489300215,satellite_images\1489300215.jpg
8141310040,satellite_images\8141310040.jpg
3204300705,satellite_images\3204300705.jpg
1320069249,satellite_images\1320069249.jpg
6056100160,satellite_images\6056100160.jpg
323079058,satellite_images\323079058.jpg
6064800710,satellite_images\6064800710.jpg
2608300103,satellite_images\2608300103.jpg
723069128,satellite_images\723069128.jpg
1431700250,satellite_images\1431700250.jpg
322059049,satellite_images\322059049.jpg
5316100820,satellite_images\5316100820.jpg
1786640070,satellite_images\1786640070.jpg
324069058,satellite_images\324069058.jpg
1687000200,satellite_images\1687000200.jpg
7954300220,satellite_images\7954300220.jpg
7237550100,satellite_images\7237550100.jpg
3256400051,satellite_images\3256400051.jpg
952003480,satellite_images\952003480.jpg
225039175,satellite_images\225039175.jpg
9433000390,satellite_images\9433000390.jpg
871000065,satellite_images\871000065.jpg
2561360210,satellite_images\2561360210.jpg
7523900300,satellite_images\7523900300.jpg
809002295,satellite_images\809002295.jpg
3223059217,satellite_images\3223059217.jpg
9117100130,satellite_images\9117100130.jpg
1872900076,satellite_images\1872900076.jpg
6639900219,satellite_images\6639900219.jpg
5631500254,satellite_images\5631500254.jpg
930000289,satellite_images\930000289.jpg
8901500178,satellite_images\8901500178.jpg
2919700109,satellite_images\2919700109.jpg
1238501098,satellite_images\1238501098.jpg
6430000275,satellite_images\6430000275.jpg
9138100261,satellite_images\9138100261.jpg
3232200085,satellite_images\3232200085.jpg
8565000030,satellite_images\8565000030.jpg
5309101200,satellite_images\5309101200.jpg
6909200007,satellite_images\6909200007.jpg
8822900115,satellite_images\8822900115.jpg
2917200475,satellite_images\2917200475.jpg
7885800290,satellite_images\7885800290.jpg
9406540150,satellite_images\9406540150.jpg
6377200010,satellite_images\6377200010.jpg
3211240370,satellite_images\3211240370.jpg
3756500180,satellite_images\3756500180.jpg
617000030,satellite_images\617000030.jpg
5095600310,satellite_images\5095600310.jpg
5347200070,satellite_images\5347200070.jpg
9510970310,satellite_images\9510970310.jpg
8944290160,satellite_images\8944290160.jpg
1771000890,satellite_images\1771000890.jpg
7760600110,satellite_images\7760600110.jpg
4216500110,satellite_images\4216500110.jpg
8631600025,satellite_images\8631600025.jpg
1423400225,satellite_images\1423400225.jpg
3343300065,satellite_images\3343300065.jpg
259600330,satellite_images\259600330.jpg
5035300572,satellite_images\5035300572.jpg
3226049045,satellite_images\3226049045.jpg
5422560380,satellite_images\5422560380.jpg
3629000080,satellite_images\3629000080.jpg
3278600760,satellite_images\3278600760.jpg
3395071610,satellite_images\3395071610.jpg
1313500090,satellite_images\1313500090.jpg
3879901295,satellite_images\3879901295.jpg
1425059180,satellite_images\1425059180.jpg
7230100120,satellite_images\7230100120.jpg
7853380480,satellite_images\7853380480.jpg
293800900,satellite_images\293800900.jpg
6749700006,satellite_images\6749700006.jpg
8651480090,satellite_images\8651480090.jpg
4037400070,satellite_images\4037400070.jpg
8677300720,satellite_images\8677300720.jpg
4217401055,satellite_images\4217401055.jpg
6133100125,satellite_images\6133100125.jpg
7855300460,satellite_images\7855300460.jpg
2207200455,satellite_images\2207200455.jpg
7853400220,satellite_images\7853400220.jpg
510002995,satellite_images\510002995.jpg
7657000225,satellite_images\7657000225.jpg
2517000790,satellite_images\2517000790.jpg
1870400605,satellite_images\1870400605.jpg
4031000290,satellite_images\4031000290.jpg
369000881,satellite_images\369000881.jpg
5667100045,satellite_images\5667100045.jpg
2228900191,satellite_images\2228900191.jpg
3395070440,satellite_images\3395070440.jpg
2524049179,satellite_images\2524049179.jpg
9294300600,satellite_images\9294300600.jpg
3629910470,satellite_images\3629910470.jpg
9320700090,satellite_images\9320700090.jpg
2215900930,satellite_images\2215900930.jpg
9482700455,satellite_images\9482700455.jpg
458000235,satellite_images\458000235.jpg
7192800145,satellite_images\7192800145.jpg
4037000160,satellite_images\4037000160.jpg
1954700695,satellite_images\1954700695.jpg
1923000150,satellite_images\1923000150.jpg
626049091,satellite_images\626049091.jpg
4027701055,satellite_images\4027701055.jpg
9279200280,satellite_images\9279200280.jpg
3630120050,satellite_images\3630120050.jpg
6855700115,satellite_images\6855700115.jpg
2597490410,satellite_images\2597490410.jpg
7613700270,satellite_images\7613700270.jpg
6600060140,satellite_images\6600060140.jpg
2599001010,satellite_images\2599001010.jpg
4330600301,satellite_images\4330600301.jpg
6450301690,satellite_images\6450301690.jpg
3303230110,satellite_images\3303230110.jpg
2856102336,satellite_images\2856102336.jpg
3732800495,satellite_images\3732800495.jpg
2423029009,satellite_images\2423029009.jpg
2574900080,satellite_images\2574900080.jpg
3278605590,satellite_images\3278605590.jpg
7237500530,satellite_images\7237500530.jpg
2026079016,satellite_images\2026079016.jpg
1819800042,satellite_images\1819800042.jpg
2195700230,satellite_images\2195700230.jpg
424069250,satellite_images\424069250.jpg
7787920160,satellite_images\7787920160.jpg
7227801580,satellite_images\7227801580.jpg
9485951510,satellite_images\9485951510.jpg
7504010780,satellite_images\7504010780.jpg
6632900084,satellite_images\6632900084.jpg
7443000652,satellite_images\7443000652.jpg
1189001180,satellite_images\1189001180.jpg
3211100570,satellite_images\3211100570.jpg
7334501130,satellite_images\7334501130.jpg
8113101582,satellite_images\8113101582.jpg
7853370020,satellite_images\7853370020.jpg
8576400050,satellite_images\8576400050.jpg
8093800200,satellite_images\8093800200.jpg
2568200120,satellite_images\2568200120.jpg
9211500010,satellite_images\9211500010.jpg
4036800015,satellite_images\4036800015.jpg
922059169,satellite_images\922059169.jpg
5451300105,satellite_images\5451300105.jpg
3810000565,satellite_images\3810000565.jpg
2044500152,satellite_images\2044500152.jpg
6127000480,satellite_images\6127000480.jpg
1425069116,satellite_images\1425069116.jpg
1657300450,satellite_images\1657300450.jpg
1523049209,satellite_images\1523049209.jpg
9269260100,satellite_images\9269260100.jpg
3905040590,satellite_images\3905040590.jpg
6151800135,satellite_images\6151800135.jpg
3824100020,satellite_images\3824100020.jpg
7697850360,satellite_images\7697850360.jpg
98030160,satellite_images\98030160.jpg
1623300765,satellite_images\1623300765.jpg
9808700650,satellite_images\9808700650.jpg
226059078,satellite_images\226059078.jpg
9286100150,satellite_images\9286100150.jpg
1442870050,satellite_images\1442870050.jpg
2413300730,satellite_images\2413300730.jpg
98020220,satellite_images\98020220.jpg
3262300322,satellite_images\3262300322.jpg
2313900740,satellite_images\2313900740.jpg
8001600150,satellite_images\8001600150.jpg
7520400040,satellite_images\7520400040.jpg
1771100360,satellite_images\1771100360.jpg
2473530100,satellite_images\2473530100.jpg
4379400580,satellite_images\4379400580.jpg
3295900520,satellite_images\3295900520.jpg
7129300500,satellite_images\7129300500.jpg
4337000160,satellite_images\4337000160.jpg
8165501510,satellite_images\8165501510.jpg
7238000240,satellite_images\7238000240.jpg
2926049504,satellite_images\2926049504.jpg
2600010360,satellite_images\2600010360.jpg
1338300170,satellite_images\1338300170.jpg
6837700170,satellite_images\6837700170.jpg
1442300035,satellite_images\1442300035.jpg
8562780490,satellite_images\8562780490.jpg
5244801275,satellite_images\5244801275.jpg
9834200411,satellite_images\9834200411.jpg
1238500451,satellite_images\1238500451.jpg
1722059326,satellite_images\1722059326.jpg
1732800194,satellite_images\1732800194.jpg
8651402750,satellite_images\8651402750.jpg
255450380,satellite_images\255450380.jpg
2026049122,satellite_images\2026049122.jpg
6064800060,satellite_images\6064800060.jpg
7631200085,satellite_images\7631200085.jpg
3026059368,satellite_images\3026059368.jpg
2460600040,satellite_images\2460600040.jpg
8092700230,satellite_images\8092700230.jpg
9523100730,satellite_images\9523100730.jpg
7452500190,satellite_images\7452500190.jpg
3904921120,satellite_images\3904921120.jpg
6790830060,satellite_images\6790830060.jpg
579003610,satellite_images\579003610.jpg
8965520190,satellite_images\8965520190.jpg
3235100080,satellite_images\3235100080.jpg
2798600240,satellite_images\2798600240.jpg
5628400080,satellite_images\5628400080.jpg
2822059360,satellite_images\2822059360.jpg
9253900354,satellite_images\9253900354.jpg
1828000760,satellite_images\1828000760.jpg
7967200060,satellite_images\7967200060.jpg
6623400193,satellite_images\6623400193.jpg
3943600140,satellite_images\3943600140.jpg
59000250,satellite_images\59000250.jpg
705700390,satellite_images\705700390.jpg
2113700115,satellite_images\2113700115.jpg
9276200635,satellite_images\9276200635.jpg
8650300190,satellite_images\8650300190.jpg
7523700245,satellite_images\7523700245.jpg
2149800148,satellite_images\2149800148.jpg
6073500190,satellite_images\6073500190.jpg
4375700055,satellite_images\4375700055.jpg
5418500970,satellite_images\5418500970.jpg
4335000030,satellite_images\4335000030.jpg
4022900077,satellite_images\4022900077.jpg
304100070,satellite_images\304100070.jpg
2607720440,satellite_images\2607720440.jpg
2896000680,satellite_images\2896000680.jpg
5505700020,satellite_images\5505700020.jpg
7844200120,satellite_images\7844200120.jpg
6204050040,satellite_images\6204050040.jpg
6819100310,satellite_images\6819100310.jpg
5535600110,satellite_images\5535600110.jpg
7871500440,satellite_images\7871500440.jpg
7883603945,satellite_images\7883603945.jpg
8562791010,satellite_images\8562791010.jpg
4174600264,satellite_images\4174600264.jpg
98000950,satellite_images\98000950.jpg
1842100160,satellite_images\1842100160.jpg
1898200030,satellite_images\1898200030.jpg
8677300550,satellite_images\8677300550.jpg
2436200436,satellite_images\2436200436.jpg
7697870530,satellite_images\7697870530.jpg
6821600265,satellite_images\6821600265.jpg
745530180,satellite_images\745530180.jpg
3363900280,satellite_images\3363900280.jpg
2832100910,satellite_images\2832100910.jpg
3330501120,satellite_images\3330501120.jpg
408100105,satellite_images\408100105.jpg
7625703885,satellite_images\7625703885.jpg
8081020370,satellite_images\8081020370.jpg
943100260,satellite_images\943100260.jpg
4136900250,satellite_images\4136900250.jpg
1240100065,satellite_images\1240100065.jpg
3959400645,satellite_images\3959400645.jpg
6300000550,satellite_images\6300000550.jpg
4237901345,satellite_images\4237901345.jpg
8651200080,satellite_images\8651200080.jpg
1972205633,satellite_images\1972205633.jpg
1898900100,satellite_images\1898900100.jpg
7852190410,satellite_images\7852190410.jpg
1310930100,satellite_images\1310930100.jpg
3407700046,satellite_images\3407700046.jpg
3709600190,satellite_images\3709600190.jpg
5458300580,satellite_images\5458300580.jpg
686800080,satellite_images\686800080.jpg
6046400465,satellite_images\6046400465.jpg
5066400483,satellite_images\5066400483.jpg
4204400175,satellite_images\4204400175.jpg
7968460230,satellite_images\7968460230.jpg
5409800120,satellite_images\5409800120.jpg
1376800220,satellite_images\1376800220.jpg
3797000400,satellite_images\3797000400.jpg
3279050130,satellite_images\3279050130.jpg
6929602390,satellite_images\6929602390.jpg
3750605674,satellite_images\3750605674.jpg
98000560,satellite_images\98000560.jpg
1703050500,satellite_images\1703050500.jpg
9322800230,satellite_images\9322800230.jpg
646910020,satellite_images\646910020.jpg
8029520240,satellite_images\8029520240.jpg
2019200220,satellite_images\2019200220.jpg
7577700521,satellite_images\7577700521.jpg
1843100610,satellite_images\1843100610.jpg
8856960050,satellite_images\8856960050.jpg
952000310,satellite_images\952000310.jpg
616000160,satellite_images\616000160.jpg
8700120520,satellite_images\8700120520.jpg
3039000050,satellite_images\3039000050.jpg
3221059036,satellite_images\3221059036.jpg
5460600110,satellite_images\5460600110.jpg
7504021490,satellite_images\7504021490.jpg
2425059144,satellite_images\2425059144.jpg
9521100214,satellite_images\9521100214.jpg
6889000060,satellite_images\6889000060.jpg
7661600206,satellite_images\7661600206.jpg
6450300605,satellite_images\6450300605.jpg
2810100007,satellite_images\2810100007.jpg
3448900210,satellite_images\3448900210.jpg
3332500265,satellite_images\3332500265.jpg
5693500846,satellite_images\5693500846.jpg
3546000380,satellite_images\3546000380.jpg
3630200340,satellite_images\3630200340.jpg
725069102,satellite_images\725069102.jpg
2011400019,satellite_images\2011400019.jpg
4045900020,satellite_images\4045900020.jpg
8109800110,satellite_images\8109800110.jpg
1825049013,satellite_images\1825049013.jpg
1180002580,satellite_images\1180002580.jpg
3336500140,satellite_images\3336500140.jpg
4399210130,satellite_images\4399210130.jpg
2987400025,satellite_images\2987400025.jpg
2771104965,satellite_images\2771104965.jpg
2473390440,satellite_images\2473390440.jpg
1938400300,satellite_images\1938400300.jpg
3354400060,satellite_images\3354400060.jpg
2800031,satellite_images\2800031.jpg
9274200028,satellite_images\9274200028.jpg
7012200215,satellite_images\7012200215.jpg
224069169,satellite_images\224069169.jpg
7011201325,satellite_images\7011201325.jpg
2115720130,satellite_images\2115720130.jpg
2874600335,satellite_images\2874600335.jpg
1231000895,satellite_images\1231000895.jpg
2769600190,satellite_images\2769600190.jpg
5583200345,satellite_images\5583200345.jpg
3320000222,satellite_images\3320000222.jpg
774101755,satellite_images\774101755.jpg
3268000040,satellite_images\3268000040.jpg
626059276,satellite_images\626059276.jpg
967000400,satellite_images\967000400.jpg
7979900006,satellite_images\7979900006.jpg
3222049159,satellite_images\3222049159.jpg
5668500045,satellite_images\5668500045.jpg
225039069,satellite_images\225039069.jpg
2592210160,satellite_images\2592210160.jpg
3500100047,satellite_images\3500100047.jpg
7883601155,satellite_images\7883601155.jpg
6843310120,satellite_images\6843310120.jpg
1026069134,satellite_images\1026069134.jpg
9829200580,satellite_images\9829200580.jpg
3438500625,satellite_images\3438500625.jpg
4058800500,satellite_images\4058800500.jpg
4364700805,satellite_images\4364700805.jpg
2473100510,satellite_images\2473100510.jpg
2923049399,satellite_images\2923049399.jpg
4027701220,satellite_images\4027701220.jpg
2621600015,satellite_images\2621600015.jpg
2473251180,satellite_images\2473251180.jpg
7767000060,satellite_images\7767000060.jpg
7694800180,satellite_images\7694800180.jpg
514500195,satellite_images\514500195.jpg
704450070,satellite_images\704450070.jpg
8914100080,satellite_images\8914100080.jpg
1022069071,satellite_images\1022069071.jpg
4077800247,satellite_images\4077800247.jpg
3331000220,satellite_images\3331000220.jpg
3546000070,satellite_images\3546000070.jpg
1233100720,satellite_images\1233100720.jpg
2484200080,satellite_images\2484200080.jpg
8100900115,satellite_images\8100900115.jpg
1652500010,satellite_images\1652500010.jpg
5101407305,satellite_images\5101407305.jpg
7760400480,satellite_images\7760400480.jpg
1645000310,satellite_images\1645000310.jpg
1732600050,satellite_images\1732600050.jpg
1862400285,satellite_images\1862400285.jpg
98020410,satellite_images\98020410.jpg
5676000008,satellite_images\5676000008.jpg
4396000530,satellite_images\4396000530.jpg
6127600036,satellite_images\6127600036.jpg
1972200554,satellite_images\1972200554.jpg
7856700990,satellite_images\7856700990.jpg
8835400290,satellite_images\8835400290.jpg
2621760290,satellite_images\2621760290.jpg
9284801165,satellite_images\9284801165.jpg
2690100170,satellite_images\2690100170.jpg
955000060,satellite_images\955000060.jpg
6150200040,satellite_images\6150200040.jpg
1769600204,satellite_images\1769600204.jpg
3793500730,satellite_images\3793500730.jpg
3578400780,satellite_images\3578400780.jpg
2267000486,satellite_images\2267000486.jpg
5541300135,satellite_images\5541300135.jpg
1432701380,satellite_images\1432701380.jpg
6648150040,satellite_images\6648150040.jpg
1721801010,satellite_images\1721801010.jpg
2207100635,satellite_images\2207100635.jpg
3425059099,satellite_images\3425059099.jpg
5129000006,satellite_images\5129000006.jpg
8944550050,satellite_images\8944550050.jpg
546000820,satellite_images\546000820.jpg
3303990410,satellite_images\3303990410.jpg
6666830120,satellite_images\6666830120.jpg
1221000395,satellite_images\1221000395.jpg
3568200060,satellite_images\3568200060.jpg
1789900065,satellite_images\1789900065.jpg
7437101030,satellite_images\7437101030.jpg
7525420150,satellite_images\7525420150.jpg
1972200698,satellite_images\1972200698.jpg
7708300150,satellite_images\7708300150.jpg
2623069031,satellite_images\2623069031.jpg
326049024,satellite_images\326049024.jpg
2111000580,satellite_images\2111000580.jpg
3222049112,satellite_images\3222049112.jpg
5556300109,satellite_images\5556300109.jpg
5416510060,satellite_images\5416510060.jpg
2391601380,satellite_images\2391601380.jpg
7202290650,satellite_images\7202290650.jpg
9346930100,satellite_images\9346930100.jpg
5451200530,satellite_images\5451200530.jpg
2322069100,satellite_images\2322069100.jpg
5536100020,satellite_images\5536100020.jpg
5409000110,satellite_images\5409000110.jpg
8563030280,satellite_images\8563030280.jpg
8835400775,satellite_images\8835400775.jpg
259600530,satellite_images\259600530.jpg
7972604355,satellite_images\7972604355.jpg
6071000310,satellite_images\6071000310.jpg
7936500172,satellite_images\7936500172.jpg
8562750550,satellite_images\8562750550.jpg
1773100620,satellite_images\1773100620.jpg
9545200180,satellite_images\9545200180.jpg
4174600331,satellite_images\4174600331.jpg
5402100045,satellite_images\5402100045.jpg
1332300110,satellite_images\1332300110.jpg
8937500040,satellite_images\8937500040.jpg
1921069084,satellite_images\1921069084.jpg
9272201704,satellite_images\9272201704.jpg
2734101055,satellite_images\2734101055.jpg
1937300193,satellite_images\1937300193.jpg
5700000120,satellite_images\5700000120.jpg
9274200365,satellite_images\9274200365.jpg
9828700685,satellite_images\9828700685.jpg
200300210,satellite_images\200300210.jpg
193600200,satellite_images\193600200.jpg
1118500010,satellite_images\1118500010.jpg
1075100050,satellite_images\1075100050.jpg
9532000170,satellite_images\9532000170.jpg
7922800400,satellite_images\7922800400.jpg
1133000235,satellite_images\1133000235.jpg
6300000213,satellite_images\6300000213.jpg
1726600150,satellite_images\1726600150.jpg
4307320230,satellite_images\4307320230.jpg
1430800162,satellite_images\1430800162.jpg
2644900149,satellite_images\2644900149.jpg
7345600755,satellite_images\7345600755.jpg
1612500170,satellite_images\1612500170.jpg
9809000010,satellite_images\9809000010.jpg
6303401050,satellite_images\6303401050.jpg
5101402482,satellite_images\5101402482.jpg
7645900165,satellite_images\7645900165.jpg
418000310,satellite_images\418000310.jpg
6382500084,satellite_images\6382500084.jpg
2550820060,satellite_images\2550820060.jpg
5466420030,satellite_images\5466420030.jpg
4023500352,satellite_images\4023500352.jpg
3211260290,satellite_images\3211260290.jpg
3649100320,satellite_images\3649100320.jpg
3126049498,satellite_images\3126049498.jpg
1234000630,satellite_images\1234000630.jpg
3630200520,satellite_images\3630200520.jpg
5490210320,satellite_images\5490210320.jpg
1890000250,satellite_images\1890000250.jpg
1446403305,satellite_images\1446403305.jpg
7504000290,satellite_images\7504000290.jpg
7893203565,satellite_images\7893203565.jpg
7889000125,satellite_images\7889000125.jpg
2867300190,satellite_images\2867300190.jpg
1455600015,satellite_images\1455600015.jpg
200800200,satellite_images\200800200.jpg
6329000385,satellite_images\6329000385.jpg
1254200045,satellite_images\1254200045.jpg
2105200050,satellite_images\2105200050.jpg
9547202245,satellite_images\9547202245.jpg
9512200090,satellite_images\9512200090.jpg
2325300060,satellite_images\2325300060.jpg
3295610490,satellite_images\3295610490.jpg
2484700145,satellite_images\2484700145.jpg
2436700395,satellite_images\2436700395.jpg
925059107,satellite_images\925059107.jpg
1202000140,satellite_images\1202000140.jpg
2223059053,satellite_images\2223059053.jpg
7658600150,satellite_images\7658600150.jpg
722069232,satellite_images\722069232.jpg
715010530,satellite_images\715010530.jpg
1529200480,satellite_images\1529200480.jpg
2525300550,satellite_images\2525300550.jpg
7520000695,satellite_images\7520000695.jpg
3361401025,satellite_images\3361401025.jpg
2767600985,satellite_images\2767600985.jpg
8085400376,satellite_images\8085400376.jpg
8961950050,satellite_images\8961950050.jpg
2617370090,satellite_images\2617370090.jpg
6382500079,satellite_images\6382500079.jpg
4083302915,satellite_images\4083302915.jpg
9542890010,satellite_images\9542890010.jpg
8010100220,satellite_images\8010100220.jpg
3905000540,satellite_images\3905000540.jpg
5071700020,satellite_images\5071700020.jpg
8562500380,satellite_images\8562500380.jpg
1236900090,satellite_images\1236900090.jpg
4017050020,satellite_images\4017050020.jpg
8146100270,satellite_images\8146100270.jpg
268500020,satellite_images\268500020.jpg
7243500025,satellite_images\7243500025.jpg
8562891240,satellite_images\8562891240.jpg
3905081530,satellite_images\3905081530.jpg
1972200847,satellite_images\1972200847.jpg
3073500111,satellite_images\3073500111.jpg
2325039067,satellite_images\2325039067.jpg
333100295,satellite_images\333100295.jpg
1025069192,satellite_images\1025069192.jpg
7016310030,satellite_images\7016310030.jpg
6802200190,satellite_images\6802200190.jpg
5272200005,satellite_images\5272200005.jpg
686450210,satellite_images\686450210.jpg
1068000150,satellite_images\1068000150.jpg
6699930530,satellite_images\6699930530.jpg
3304300380,satellite_images\3304300380.jpg
7129304540,satellite_images\7129304540.jpg
2320069107,satellite_images\2320069107.jpg
5021900050,satellite_images\5021900050.jpg
7130300785,satellite_images\7130300785.jpg
142000175,satellite_images\142000175.jpg
8645530060,satellite_images\8645530060.jpg
3814800300,satellite_images\3814800300.jpg
3528000040,satellite_images\3528000040.jpg
629400480,satellite_images\629400480.jpg
5040800015,satellite_images\5040800015.jpg
4139500080,satellite_images\4139500080.jpg
6802200230,satellite_images\6802200230.jpg
7818900060,satellite_images\7818900060.jpg
323079101,satellite_images\323079101.jpg
4221970060,satellite_images\4221970060.jpg
8956200560,satellite_images\8956200560.jpg
7701950060,satellite_images\7701950060.jpg
5631500905,satellite_images\5631500905.jpg
5608000860,satellite_images\5608000860.jpg
1423049019,satellite_images\1423049019.jpg
5425700150,satellite_images\5425700150.jpg
1277000240,satellite_images\1277000240.jpg
3630030010,satellite_images\3630030010.jpg
8129700743,satellite_images\8129700743.jpg
797000276,satellite_images\797000276.jpg
1635500250,satellite_images\1635500250.jpg
6072800205,satellite_images\6072800205.jpg
923049400,satellite_images\923049400.jpg
1868900035,satellite_images\1868900035.jpg
2858600083,satellite_images\2858600083.jpg
2450000165,satellite_images\2450000165.jpg
2822059262,satellite_images\2822059262.jpg
6840700036,satellite_images\6840700036.jpg
1266200140,satellite_images\1266200140.jpg
5039300305,satellite_images\5039300305.jpg
1787600094,satellite_images\1787600094.jpg
623069068,satellite_images\623069068.jpg
1099600220,satellite_images\1099600220.jpg
3585900495,satellite_images\3585900495.jpg
9808640040,satellite_images\9808640040.jpg
1186000035,satellite_images\1186000035.jpg
3448000410,satellite_images\3448000410.jpg
6705800040,satellite_images\6705800040.jpg
8018600765,satellite_images\8018600765.jpg
3303860630,satellite_images\3303860630.jpg
1186000065,satellite_images\1186000065.jpg
2883201055,satellite_images\2883201055.jpg
7525530590,satellite_images\7525530590.jpg
3225069241,satellite_images\3225069241.jpg
3271300955,satellite_images\3271300955.jpg
5422430320,satellite_images\5422430320.jpg
7525211410,satellite_images\7525211410.jpg
6054650510,satellite_images\6054650510.jpg
1922059278,satellite_images\1922059278.jpg
4366700140,satellite_images\4366700140.jpg
7468900235,satellite_images\7468900235.jpg
5104540360,satellite_images\5104540360.jpg
1124000005,satellite_images\1124000005.jpg
1560920370,satellite_images\1560920370.jpg
2568300266,satellite_images\2568300266.jpg
2024079035,satellite_images\2024079035.jpg
4038700290,satellite_images\4038700290.jpg
3630120380,satellite_images\3630120380.jpg
3226049565,satellite_images\3226049565.jpg
9191200490,satellite_images\9191200490.jpg
622079089,satellite_images\622079089.jpg
9126100487,satellite_images\9126100487.jpg
1189000245,satellite_images\1189000245.jpg
5518800010,satellite_images\5518800010.jpg
255400070,satellite_images\255400070.jpg
9500900060,satellite_images\9500900060.jpg
7812800681,satellite_images\7812800681.jpg
1725059127,satellite_images\1725059127.jpg
1402620120,satellite_images\1402620120.jpg
9465910320,satellite_images\9465910320.jpg
6891800250,satellite_images\6891800250.jpg
321049193,satellite_images\321049193.jpg
3904901300,satellite_images\3904901300.jpg
2025701390,satellite_images\2025701390.jpg
3856903495,satellite_images\3856903495.jpg
7856400410,satellite_images\7856400410.jpg
1387301740,satellite_images\1387301740.jpg
2937300540,satellite_images\2937300540.jpg
2525300380,satellite_images\2525300380.jpg
1402650110,satellite_images\1402650110.jpg
7853300650,satellite_images\7853300650.jpg
2314300420,satellite_images\2314300420.jpg
475000187,satellite_images\475000187.jpg
4003000110,satellite_images\4003000110.jpg
5480900010,satellite_images\5480900010.jpg
9144100035,satellite_images\9144100035.jpg
7731100066,satellite_images\7731100066.jpg
192450300,satellite_images\192450300.jpg
993001342,satellite_images\993001342.jpg
8570900328,satellite_images\8570900328.jpg
582000675,satellite_images\582000675.jpg
3644100030,satellite_images\3644100030.jpg
7795810110,satellite_images\7795810110.jpg
5412100550,satellite_images\5412100550.jpg
4310700570,satellite_images\4310700570.jpg
200500680,satellite_images\200500680.jpg
2877101821,satellite_images\2877101821.jpg
4024100496,satellite_images\4024100496.jpg
7831800495,satellite_images\7831800495.jpg
1189000225,satellite_images\1189000225.jpg
922049078,satellite_images\922049078.jpg
7334501250,satellite_images\7334501250.jpg
1330290160,satellite_images\1330290160.jpg
2487200938,satellite_images\2487200938.jpg
1932300075,satellite_images\1932300075.jpg
2102700025,satellite_images\2102700025.jpg
301401410,satellite_images\301401410.jpg
1939050110,satellite_images\1939050110.jpg
191100665,satellite_images\191100665.jpg
1442740010,satellite_images\1442740010.jpg
2475200290,satellite_images\2475200290.jpg
2946001550,satellite_images\2946001550.jpg
3426049132,satellite_images\3426049132.jpg
3438502066,satellite_images\3438502066.jpg
7550801207,satellite_images\7550801207.jpg
1025049114,satellite_images\1025049114.jpg
9542840340,satellite_images\9542840340.jpg
4142450480,satellite_images\4142450480.jpg
1657530010,satellite_images\1657530010.jpg
2481630200,satellite_images\2481630200.jpg
3693900135,satellite_images\3693900135.jpg
7968200090,satellite_images\7968200090.jpg
8691510170,satellite_images\8691510170.jpg
9413600350,satellite_images\9413600350.jpg
1315300070,satellite_images\1315300070.jpg
8813400405,satellite_images\8813400405.jpg
7215420160,satellite_images\7215420160.jpg
46100504,satellite_images\46100504.jpg
5702450250,satellite_images\5702450250.jpg
3856901435,satellite_images\3856901435.jpg
1938400040,satellite_images\1938400040.jpg
9523100026,satellite_images\9523100026.jpg
2260800170,satellite_images\2260800170.jpg
1498303905,satellite_images\1498303905.jpg
624110050,satellite_images\624110050.jpg
8103000110,satellite_images\8103000110.jpg
8563500020,satellite_images\8563500020.jpg
2781280150,satellite_images\2781280150.jpg
7524000030,satellite_images\7524000030.jpg
1245000500,satellite_images\1245000500.jpg
3820350140,satellite_images\3820350140.jpg
114101516,satellite_images\114101516.jpg
1982200480,satellite_images\1982200480.jpg
5014600240,satellite_images\5014600240.jpg
1186000125,satellite_images\1186000125.jpg
9521100029,satellite_images\9521100029.jpg
510002506,satellite_images\510002506.jpg
2771101963,satellite_images\2771101963.jpg
1324059104,satellite_images\1324059104.jpg
1973800150,satellite_images\1973800150.jpg
7853320250,satellite_images\7853320250.jpg
5422560860,satellite_images\5422560860.jpg
1568100076,satellite_images\1568100076.jpg
4077800474,satellite_images\4077800474.jpg
9126100765,satellite_images\9126100765.jpg
708000030,satellite_images\708000030.jpg
7899800851,satellite_images\7899800851.jpg
4408100095,satellite_images\4408100095.jpg
6791000280,satellite_images\6791000280.jpg
1912100885,satellite_images\1912100885.jpg
1995200215,satellite_images\1995200215.jpg
2768301715,satellite_images\2768301715.jpg
1324059139,satellite_images\1324059139.jpg
5649000150,satellite_images\5649000150.jpg
203101370,satellite_images\203101370.jpg
3546000630,satellite_images\3546000630.jpg
5200087,satellite_images\5200087.jpg
9578140360,satellite_images\9578140360.jpg
7520000020,satellite_images\7520000020.jpg
3025059072,satellite_images\3025059072.jpg
3814900950,satellite_images\3814900950.jpg
1221059112,satellite_images\1221059112.jpg
2722059275,satellite_images\2722059275.jpg
5003600240,satellite_images\5003600240.jpg
7199350600,satellite_images\7199350600.jpg
5253300243,satellite_images\5253300243.jpg
1954700610,satellite_images\1954700610.jpg
1683600120,satellite_images\1683600120.jpg
5438000080,satellite_images\5438000080.jpg
3276930050,satellite_images\3276930050.jpg
7225000090,satellite_images\7225000090.jpg
8682290670,satellite_images\8682290670.jpg
7212660900,satellite_images\7212660900.jpg
2872900010,satellite_images\2872900010.jpg
8731901610,satellite_images\8731901610.jpg
7796600085,satellite_images\7796600085.jpg
2224069109,satellite_images\2224069109.jpg
9136103027,satellite_images\9136103027.jpg
8562780430,satellite_images\8562780430.jpg
2663000050,satellite_images\2663000050.jpg
1221079058,satellite_images\1221079058.jpg
7831800505,satellite_images\7831800505.jpg
293070270,satellite_images\293070270.jpg
6145600955,satellite_images\6145600955.jpg
9808700405,satellite_images\9808700405.jpg
4022300035,satellite_images\4022300035.jpg
4139440480,satellite_images\4139440480.jpg
2768100510,satellite_images\2768100510.jpg
258500059,satellite_images\258500059.jpg
8824900120,satellite_images\8824900120.jpg
5540800130,satellite_images\5540800130.jpg
2111010940,satellite_images\2111010940.jpg
3276920270,satellite_images\3276920270.jpg
1794500870,satellite_images\1794500870.jpg
8911000030,satellite_images\8911000030.jpg
7277100640,satellite_images\7277100640.jpg
2325059101,satellite_images\2325059101.jpg
9521100867,satellite_images\9521100867.jpg
8910500238,satellite_images\8910500238.jpg
16000435,satellite_images\16000435.jpg
3336000052,satellite_images\3336000052.jpg
1231000520,satellite_images\1231000520.jpg
3438502731,satellite_images\3438502731.jpg
4309710240,satellite_images\4309710240.jpg
5652601425,satellite_images\5652601425.jpg
1825079046,satellite_images\1825079046.jpg
594000115,satellite_images\594000115.jpg
5701700011,satellite_images\5701700011.jpg
3876000910,satellite_images\3876000910.jpg
7299601790,satellite_images\7299601790.jpg
7883606725,satellite_images\7883606725.jpg
6453300306,satellite_images\6453300306.jpg
7011200515,satellite_images\7011200515.jpg
1982201465,satellite_images\1982201465.jpg
8965460090,satellite_images\8965460090.jpg
2481620310,satellite_images\2481620310.jpg
6664900260,satellite_images\6664900260.jpg
323059316,satellite_images\323059316.jpg
4060000170,satellite_images\4060000170.jpg
4058800930,satellite_images\4058800930.jpg
3100500065,satellite_images\3100500065.jpg
3904100089,satellite_images\3904100089.jpg
3290800215,satellite_images\3290800215.jpg
5104511530,satellite_images\5104511530.jpg
8078100140,satellite_images\8078100140.jpg
5101405331,satellite_images\5101405331.jpg
5095400630,satellite_images\5095400630.jpg
8956200990,satellite_images\8956200990.jpg
3885804260,satellite_images\3885804260.jpg
7169500020,satellite_images\7169500020.jpg
1630700135,satellite_images\1630700135.jpg
1118000110,satellite_images\1118000110.jpg
5104520150,satellite_images\5104520150.jpg
6790600790,satellite_images\6790600790.jpg
4365200505,satellite_images\4365200505.jpg
3362400432,satellite_images\3362400432.jpg
6130500070,satellite_images\6130500070.jpg
832700240,satellite_images\832700240.jpg
3755000060,satellite_images\3755000060.jpg
3826000460,satellite_images\3826000460.jpg
1923300315,satellite_images\1923300315.jpg
9828701608,satellite_images\9828701608.jpg
1453601502,satellite_images\1453601502.jpg
534000195,satellite_images\534000195.jpg
6817800510,satellite_images\6817800510.jpg
1972202023,satellite_images\1972202023.jpg
4137020360,satellite_images\4137020360.jpg
5101402488,satellite_images\5101402488.jpg
1238501099,satellite_images\1238501099.jpg
9264950410,satellite_images\9264950410.jpg
9510970520,satellite_images\9510970520.jpg
7680400140,satellite_images\7680400140.jpg
6607000126,satellite_images\6607000126.jpg
3342101270,satellite_images\3342101270.jpg
6117500785,satellite_images\6117500785.jpg
3388300590,satellite_images\3388300590.jpg
2324079057,satellite_images\2324079057.jpg
1321059013,satellite_images\1321059013.jpg
7010700905,satellite_images\7010700905.jpg
7212651210,satellite_images\7212651210.jpg
1041440050,satellite_images\1041440050.jpg
2708100130,satellite_images\2708100130.jpg
3426079024,satellite_images\3426079024.jpg
2523039346,satellite_images\2523039346.jpg
2526059086,satellite_images\2526059086.jpg
2868300115,satellite_images\2868300115.jpg
4298100070,satellite_images\4298100070.jpg
4039800180,satellite_images\4039800180.jpg
3275750050,satellite_images\3275750050.jpg
7278700070,satellite_images\7278700070.jpg
1727001300,satellite_images\1727001300.jpg
259700180,satellite_images\259700180.jpg
2771604226,satellite_images\2771604226.jpg
3288200470,satellite_images\3288200470.jpg
2024089011,satellite_images\2024089011.jpg
1665400045,satellite_images\1665400045.jpg
8165500110,satellite_images\8165500110.jpg
8964800025,satellite_images\8964800025.jpg
4154300465,satellite_images\4154300465.jpg
826069016,satellite_images\826069016.jpg
3971700510,satellite_images\3971700510.jpg
8001470480,satellite_images\8001470480.jpg
1931300308,satellite_images\1931300308.jpg
7214720400,satellite_images\7214720400.jpg
421049170,satellite_images\421049170.jpg
1954430390,satellite_images\1954430390.jpg
2130702270,satellite_images\2130702270.jpg
9264950420,satellite_images\9264950420.jpg
4154300275,satellite_images\4154300275.jpg
6084200080,satellite_images\6084200080.jpg
3971700560,satellite_images\3971700560.jpg
291310370,satellite_images\291310370.jpg
179001101,satellite_images\179001101.jpg
7856410411,satellite_images\7856410411.jpg
239000155,satellite_images\239000155.jpg
2944500470,satellite_images\2944500470.jpg
1023059511,satellite_images\1023059511.jpg
6300000287,satellite_images\6300000287.jpg
798000421,satellite_images\798000421.jpg
1231000660,satellite_images\1231000660.jpg
3876301140,satellite_images\3876301140.jpg
7299601630,satellite_images\7299601630.jpg
7853230460,satellite_images\7853230460.jpg
993000327,satellite_images\993000327.jpg
7215720410,satellite_images\7215720410.jpg
9828200746,satellite_images\9828200746.jpg
8682250350,satellite_images\8682250350.jpg
7312200040,satellite_images\7312200040.jpg
1432701510,satellite_images\1432701510.jpg
7165700110,satellite_images\7165700110.jpg
8820901670,satellite_images\8820901670.jpg
6338000493,satellite_images\6338000493.jpg
7883604095,satellite_images\7883604095.jpg
1189000910,satellite_images\1189000910.jpg
7212651440,satellite_images\7212651440.jpg
4389200610,satellite_images\4389200610.jpg
3336001316,satellite_images\3336001316.jpg
3818700185,satellite_images\3818700185.jpg
9477000060,satellite_images\9477000060.jpg
3293400010,satellite_images\3293400010.jpg
3438501662,satellite_images\3438501662.jpg
3624039073,satellite_images\3624039073.jpg
2622059197,satellite_images\2622059197.jpg
7977200590,satellite_images\7977200590.jpg
7299500200,satellite_images\7299500200.jpg
2426049154,satellite_images\2426049154.jpg
6071400360,satellite_images\6071400360.jpg
7202290160,satellite_images\7202290160.jpg
7215720680,satellite_images\7215720680.jpg
3528000510,satellite_images\3528000510.jpg
5589300715,satellite_images\5589300715.jpg
2767604212,satellite_images\2767604212.jpg
9551201240,satellite_images\9551201240.jpg
3348401740,satellite_images\3348401740.jpg
3223069065,satellite_images\3223069065.jpg
8651510380,satellite_images\8651510380.jpg
37000435,satellite_images\37000435.jpg
34001540,satellite_images\34001540.jpg
3530490160,satellite_images\3530490160.jpg
3959400710,satellite_images\3959400710.jpg
8943600020,satellite_images\8943600020.jpg
585000008,satellite_images\585000008.jpg
9136103130,satellite_images\9136103130.jpg
3331001995,satellite_images\3331001995.jpg
3425069083,satellite_images\3425069083.jpg
868001295,satellite_images\868001295.jpg
5366200210,satellite_images\5366200210.jpg
2064800890,satellite_images\2064800890.jpg
8722100810,satellite_images\8722100810.jpg
7751800070,satellite_images\7751800070.jpg
625059051,satellite_images\625059051.jpg
1773100416,satellite_images\1773100416.jpg
2324039077,satellite_images\2324039077.jpg
5430300106,satellite_images\5430300106.jpg
3971702325,satellite_images\3971702325.jpg
3751604169,satellite_images\3751604169.jpg
8010100135,satellite_images\8010100135.jpg
2423069120,satellite_images\2423069120.jpg
524069101,satellite_images\524069101.jpg
443000060,satellite_images\443000060.jpg
2325039084,satellite_images\2325039084.jpg
567000660,satellite_images\567000660.jpg
1246700103,satellite_images\1246700103.jpg
8805900065,satellite_images\8805900065.jpg
8944320420,satellite_images\8944320420.jpg
2320069364,satellite_images\2320069364.jpg
8125200481,satellite_images\8125200481.jpg
316000145,satellite_images\316000145.jpg
9542200610,satellite_images\9542200610.jpg
3754501240,satellite_images\3754501240.jpg
6204410150,satellite_images\6204410150.jpg
2523069172,satellite_images\2523069172.jpg
5088500170,satellite_images\5088500170.jpg
8682260610,satellite_images\8682260610.jpg
8562900590,satellite_images\8562900590.jpg
7525100530,satellite_images\7525100530.jpg
3298600850,satellite_images\3298600850.jpg
1786700080,satellite_images\1786700080.jpg
6450304630,satellite_images\6450304630.jpg
7893205525,satellite_images\7893205525.jpg
1320069163,satellite_images\1320069163.jpg
1370804480,satellite_images\1370804480.jpg
4217401180,satellite_images\4217401180.jpg
1895000045,satellite_images\1895000045.jpg
2652501630,satellite_images\2652501630.jpg
3275300050,satellite_images\3275300050.jpg
9201000120,satellite_images\9201000120.jpg
3024079096,satellite_images\3024079096.jpg
4315700275,satellite_images\4315700275.jpg
7197350050,satellite_images\7197350050.jpg
7937900040,satellite_images\7937900040.jpg
806800110,satellite_images\806800110.jpg
5095401360,satellite_images\5095401360.jpg
5605000595,satellite_images\5605000595.jpg
3342100780,satellite_images\3342100780.jpg
6896300380,satellite_images\6896300380.jpg
5054800110,satellite_images\5054800110.jpg
1326069188,satellite_images\1326069188.jpg
1626069069,satellite_images\1626069069.jpg
3601200017,satellite_images\3601200017.jpg
9558200025,satellite_images\9558200025.jpg
3298720010,satellite_images\3298720010.jpg
4178500640,satellite_images\4178500640.jpg
1443500385,satellite_images\1443500385.jpg
117000001,satellite_images\117000001.jpg
2652500740,satellite_images\2652500740.jpg
7518507685,satellite_images\7518507685.jpg
2770604079,satellite_images\2770604079.jpg
2724049222,satellite_images\2724049222.jpg
475001295,satellite_images\475001295.jpg
3226049117,satellite_images\3226049117.jpg
2225039103,satellite_images\2225039103.jpg
1447600285,satellite_images\1447600285.jpg
418000145,satellite_images\418000145.jpg
7511200190,satellite_images\7511200190.jpg
3876810170,satellite_images\3876810170.jpg
3630110360,satellite_images\3630110360.jpg
3812400898,satellite_images\3812400898.jpg
705700640,satellite_images\705700640.jpg
8849700040,satellite_images\8849700040.jpg
7340600827,satellite_images\7340600827.jpg
4427100095,satellite_images\4427100095.jpg
3579800180,satellite_images\3579800180.jpg
2061100390,satellite_images\2061100390.jpg
1328320920,satellite_images\1328320920.jpg
7732410220,satellite_images\7732410220.jpg
1934800138,satellite_images\1934800138.jpg
3783100080,satellite_images\3783100080.jpg
3630110510,satellite_images\3630110510.jpg
3277801411,satellite_images\3277801411.jpg
3449800290,satellite_images\3449800290.jpg
742000060,satellite_images\742000060.jpg
259600260,satellite_images\259600260.jpg
7116000425,satellite_images\7116000425.jpg
6669240230,satellite_images\6669240230.jpg
3626039424,satellite_images\3626039424.jpg
1860600135,satellite_images\1860600135.jpg
7452500045,satellite_images\7452500045.jpg
4058801230,satellite_images\4058801230.jpg
126059310,satellite_images\126059310.jpg
3693901720,satellite_images\3693901720.jpg
1962200037,satellite_images\1962200037.jpg
3323500030,satellite_images\3323500030.jpg
6752601110,satellite_images\6752601110.jpg
984220370,satellite_images\984220370.jpg
9310300185,satellite_images\9310300185.jpg
1796361100,satellite_images\1796361100.jpg
1795920350,satellite_images\1795920350.jpg
1023089140,satellite_images\1023089140.jpg
2516000475,satellite_images\2516000475.jpg
3522900061,satellite_images\3522900061.jpg
1545807180,satellite_images\1545807180.jpg
9211010230,satellite_images\9211010230.jpg
7174800760,satellite_images\7174800760.jpg
844001485,satellite_images\844001485.jpg
2126059219,satellite_images\2126059219.jpg
8822901175,satellite_images\8822901175.jpg
2206700215,satellite_images\2206700215.jpg
623039026,satellite_images\623039026.jpg
5141000510,satellite_images\5141000510.jpg
123039336,satellite_images\123039336.jpg
2742100016,satellite_images\2742100016.jpg
2025700260,satellite_images\2025700260.jpg
1454100122,satellite_images\1454100122.jpg
4181200680,satellite_images\4181200680.jpg
8651511060,satellite_images\8651511060.jpg
5309100515,satellite_images\5309100515.jpg
3034200058,satellite_images\3034200058.jpg
1829300210,satellite_images\1829300210.jpg
1337800805,satellite_images\1337800805.jpg
2172000075,satellite_images\2172000075.jpg
1923000370,satellite_images\1923000370.jpg
7203101580,satellite_images\7203101580.jpg
5101404144,satellite_images\5101404144.jpg
6003500995,satellite_images\6003500995.jpg
1085621740,satellite_images\1085621740.jpg
4305600100,satellite_images\4305600100.jpg
9106000050,satellite_images\9106000050.jpg
2595650220,satellite_images\2595650220.jpg
7237300330,satellite_images\7237300330.jpg
1251200055,satellite_images\1251200055.jpg
3758900150,satellite_images\3758900150.jpg
1725059316,satellite_images\1725059316.jpg
1085623740,satellite_images\1085623740.jpg
200500700,satellite_images\200500700.jpg
619000045,satellite_images\619000045.jpg
7686203275,satellite_images\7686203275.jpg
8665050220,satellite_images\8665050220.jpg
5693500760,satellite_images\5693500760.jpg
7351000160,satellite_images\7351000160.jpg
1236300214,satellite_images\1236300214.jpg
2998800110,satellite_images\2998800110.jpg
3210950080,satellite_images\3210950080.jpg
9198600035,satellite_images\9198600035.jpg
3416600490,satellite_images\3416600490.jpg
926069142,satellite_images\926069142.jpg
7445000115,satellite_images\7445000115.jpg
1460000080,satellite_images\1460000080.jpg
8835900220,satellite_images\8835900220.jpg
9201000030,satellite_images\9201000030.jpg
9169600275,satellite_images\9169600275.jpg
5125400305,satellite_images\5125400305.jpg
3395800155,satellite_images\3395800155.jpg
9525600030,satellite_images\9525600030.jpg
3626039228,satellite_images\3626039228.jpg
6099400030,satellite_images\6099400030.jpg
1821069072,satellite_images\1821069072.jpg
7227800110,satellite_images\7227800110.jpg
369000045,satellite_images\369000045.jpg
2781280300,satellite_images\2781280300.jpg
2125049133,satellite_images\2125049133.jpg
9113200290,satellite_images\9113200290.jpg
3468800310,satellite_images\3468800310.jpg
2781250110,satellite_images\2781250110.jpg
1545802850,satellite_images\1545802850.jpg
3157600340,satellite_images\3157600340.jpg
3955900150,satellite_images\3955900150.jpg
1180003175,satellite_images\1180003175.jpg
3222059206,satellite_images\3222059206.jpg
3294700030,satellite_images\3294700030.jpg
1865000040,satellite_images\1865000040.jpg
1862400528,satellite_images\1862400528.jpg
3303990380,satellite_images\3303990380.jpg
7852010510,satellite_images\7852010510.jpg
2976800115,satellite_images\2976800115.jpg
3444100400,satellite_images\3444100400.jpg
1453602313,satellite_images\1453602313.jpg
5694000706,satellite_images\5694000706.jpg
6084600660,satellite_images\6084600660.jpg
4139460290,satellite_images\4139460290.jpg
3222079136,satellite_images\3222079136.jpg
9521101065,satellite_images\9521101065.jpg
325049234,satellite_images\325049234.jpg
1432400120,satellite_images\1432400120.jpg
3526069070,satellite_images\3526069070.jpg
8673400141,satellite_images\8673400141.jpg
3826500290,satellite_images\3826500290.jpg
9206500250,satellite_images\9206500250.jpg
1024069159,satellite_images\1024069159.jpg
123059071,satellite_images\123059071.jpg
9541600490,satellite_images\9541600490.jpg
1725059259,satellite_images\1725059259.jpg
2817900100,satellite_images\2817900100.jpg
7226500100,satellite_images\7226500100.jpg
293070120,satellite_images\293070120.jpg
2310100180,satellite_images\2310100180.jpg
2782100280,satellite_images\2782100280.jpg
5095400040,satellite_images\5095400040.jpg
9558040230,satellite_images\9558040230.jpg
3959401645,satellite_images\3959401645.jpg
109200390,satellite_images\109200390.jpg
9274201807,satellite_images\9274201807.jpg
2044500213,satellite_images\2044500213.jpg
7984400005,satellite_images\7984400005.jpg
3825310530,satellite_images\3825310530.jpg
3277801646,satellite_images\3277801646.jpg
7852020790,satellite_images\7852020790.jpg
1086100130,satellite_images\1086100130.jpg
984210850,satellite_images\984210850.jpg
455000760,satellite_images\455000760.jpg
2998300146,satellite_images\2998300146.jpg
622049114,satellite_images\622049114.jpg
2902200015,satellite_images\2902200015.jpg
1089700010,satellite_images\1089700010.jpg
2174503500,satellite_images\2174503500.jpg
2558630060,satellite_images\2558630060.jpg
1328330430,satellite_images\1328330430.jpg
1950900005,satellite_images\1950900005.jpg
3299200080,satellite_images\3299200080.jpg
6752600320,satellite_images\6752600320.jpg
4385700765,satellite_images\4385700765.jpg
3438503214,satellite_images\3438503214.jpg
522079015,satellite_images\522079015.jpg
5560000710,satellite_images\5560000710.jpg
2925059260,satellite_images\2925059260.jpg
3211000170,satellite_images\3211000170.jpg
6306100190,satellite_images\6306100190.jpg
7696600020,satellite_images\7696600020.jpg
6738700005,satellite_images\6738700005.jpg
3881900605,satellite_images\3881900605.jpg
7228500560,satellite_images\7228500560.jpg
3579800485,satellite_images\3579800485.jpg
2824600290,satellite_images\2824600290.jpg
2436700655,satellite_images\2436700655.jpg
1952200240,satellite_images\1952200240.jpg
4331000190,satellite_images\4331000190.jpg
1723049419,satellite_images\1723049419.jpg
1509500380,satellite_images\1509500380.jpg
1370801465,satellite_images\1370801465.jpg
2856101845,satellite_images\2856101845.jpg
7811000020,satellite_images\7811000020.jpg
7942600975,satellite_images\7942600975.jpg
7518504775,satellite_images\7518504775.jpg
1437500035,satellite_images\1437500035.jpg
8100000060,satellite_images\8100000060.jpg
3852900026,satellite_images\3852900026.jpg
2922701085,satellite_images\2922701085.jpg
3260810260,satellite_images\3260810260.jpg
7214810550,satellite_images\7214810550.jpg
820000018,satellite_images\820000018.jpg
2490200220,satellite_images\2490200220.jpg
1726069051,satellite_images\1726069051.jpg
1624079024,satellite_images\1624079024.jpg
2423020270,satellite_images\2423020270.jpg
2201501015,satellite_images\2201501015.jpg
7011201550,satellite_images\7011201550.jpg
8820900299,satellite_images\8820900299.jpg
4140940150,satellite_images\4140940150.jpg
2909300640,satellite_images\2909300640.jpg
8682281080,satellite_images\8682281080.jpg
3448740190,satellite_images\3448740190.jpg
7331900270,satellite_images\7331900270.jpg
7135500120,satellite_images\7135500120.jpg
5205000160,satellite_images\5205000160.jpg
2473370050,satellite_images\2473370050.jpg
7787920080,satellite_images\7787920080.jpg
984000780,satellite_images\984000780.jpg
3904900230,satellite_images\3904900230.jpg
9407110700,satellite_images\9407110700.jpg
3260200110,satellite_images\3260200110.jpg
4039300140,satellite_images\4039300140.jpg
5045700090,satellite_images\5045700090.jpg
4443801285,satellite_images\4443801285.jpg
6453300055,satellite_images\6453300055.jpg
1531000140,satellite_images\1531000140.jpg
2556500040,satellite_images\2556500040.jpg
6052400575,satellite_images\6052400575.jpg
7732501000,satellite_images\7732501000.jpg
254000445,satellite_images\254000445.jpg
7891600245,satellite_images\7891600245.jpg
9471200200,satellite_images\9471200200.jpg
6402300070,satellite_images\6402300070.jpg
6071200375,satellite_images\6071200375.jpg
6979900080,satellite_images\6979900080.jpg
4139400710,satellite_images\4139400710.jpg
7852180430,satellite_images\7852180430.jpg
2473480210,satellite_images\2473480210.jpg
1673000240,satellite_images\1673000240.jpg
3904940070,satellite_images\3904940070.jpg
5595900280,satellite_images\5595900280.jpg
2225069036,satellite_images\2225069036.jpg
7452500365,satellite_images\7452500365.jpg
4054510310,satellite_images\4054510310.jpg
9290850760,satellite_images\9290850760.jpg
889000024,satellite_images\889000024.jpg
1220069035,satellite_images\1220069035.jpg
9547204930,satellite_images\9547204930.jpg
6821101870,satellite_images\6821101870.jpg
8030500010,satellite_images\8030500010.jpg
2085200545,satellite_images\2085200545.jpg
7234600798,satellite_images\7234600798.jpg
7853410170,satellite_images\7853410170.jpg
1370804100,satellite_images\1370804100.jpg
2461900492,satellite_images\2461900492.jpg
9382200121,satellite_images\9382200121.jpg
5130000090,satellite_images\5130000090.jpg
7889600230,satellite_images\7889600230.jpg
7230200585,satellite_images\7230200585.jpg
4307300520,satellite_images\4307300520.jpg
8562901350,satellite_images\8562901350.jpg
2487200490,satellite_images\2487200490.jpg
4420600015,satellite_images\4420600015.jpg
6111400020,satellite_images\6111400020.jpg
2770601457,satellite_images\2770601457.jpg
8964800975,satellite_images\8964800975.jpg
1163100070,satellite_images\1163100070.jpg
3210700380,satellite_images\3210700380.jpg
7772400160,satellite_images\7772400160.jpg
7805460310,satellite_images\7805460310.jpg
3522059196,satellite_images\3522059196.jpg
2225059336,satellite_images\2225059336.jpg
3583400120,satellite_images\3583400120.jpg
2413300810,satellite_images\2413300810.jpg
3744600704,satellite_images\3744600704.jpg
2475200590,satellite_images\2475200590.jpg
2025760160,satellite_images\2025760160.jpg
624110450,satellite_images\624110450.jpg
3080000040,satellite_images\3080000040.jpg
3856901715,satellite_images\3856901715.jpg
2557000540,satellite_images\2557000540.jpg
9214400135,satellite_images\9214400135.jpg
9413500350,satellite_images\9413500350.jpg
2214800270,satellite_images\2214800270.jpg
8944750480,satellite_images\8944750480.jpg
2483700160,satellite_images\2483700160.jpg
3971701300,satellite_images\3971701300.jpg
8857600780,satellite_images\8857600780.jpg
2009003136,satellite_images\2009003136.jpg
8712100760,satellite_images\8712100760.jpg
7202340390,satellite_images\7202340390.jpg
3355400242,satellite_images\3355400242.jpg
9512500610,satellite_images\9512500610.jpg
4131900042,satellite_images\4131900042.jpg
4024101434,satellite_images\4024101434.jpg
8643000210,satellite_images\8643000210.jpg
7151700190,satellite_images\7151700190.jpg
7697800170,satellite_images\7697800170.jpg
7349400610,satellite_images\7349400610.jpg
3278600680,satellite_images\3278600680.jpg
4221250090,satellite_images\4221250090.jpg
824069113,satellite_images\824069113.jpg
5307100280,satellite_images\5307100280.jpg
7504400750,satellite_images\7504400750.jpg
2421059009,satellite_images\2421059009.jpg
2475200330,satellite_images\2475200330.jpg
3530500010,satellite_images\3530500010.jpg
587550280,satellite_images\587550280.jpg
7972603385,satellite_images\7972603385.jpg
1953400520,satellite_images\1953400520.jpg
5417600130,satellite_images\5417600130.jpg
6117501820,satellite_images\6117501820.jpg
88000790,satellite_images\88000790.jpg
4309700130,satellite_images\4309700130.jpg
114100791,satellite_images\114100791.jpg
9211010220,satellite_images\9211010220.jpg
4137000540,satellite_images\4137000540.jpg
4364700105,satellite_images\4364700105.jpg
5151600120,satellite_images\5151600120.jpg
7697870600,satellite_images\7697870600.jpg
2826049098,satellite_images\2826049098.jpg
2561340020,satellite_images\2561340020.jpg
9510971070,satellite_images\9510971070.jpg
3793500050,satellite_images\3793500050.jpg
6031400092,satellite_images\6031400092.jpg
1237500540,satellite_images\1237500540.jpg
726059349,satellite_images\726059349.jpg
8651401960,satellite_images\8651401960.jpg
2767603615,satellite_images\2767603615.jpg
124000160,satellite_images\124000160.jpg
6666830320,satellite_images\6666830320.jpg
2925059135,satellite_images\2925059135.jpg
3121059036,satellite_images\3121059036.jpg
9542800290,satellite_images\9542800290.jpg
686300420,satellite_images\686300420.jpg
3649100586,satellite_images\3649100586.jpg
3902100150,satellite_images\3902100150.jpg
2112700280,satellite_images\2112700280.jpg
3052700460,satellite_images\3052700460.jpg
5279100625,satellite_images\5279100625.jpg
9276202130,satellite_images\9276202130.jpg
3822200087,satellite_images\3822200087.jpg
3375300210,satellite_images\3375300210.jpg
5126210360,satellite_images\5126210360.jpg
4067600160,satellite_images\4067600160.jpg
8651610660,satellite_images\8651610660.jpg
254000020,satellite_images\254000020.jpg
7504010480,satellite_images\7504010480.jpg
425000065,satellite_images\425000065.jpg
7010700810,satellite_images\7010700810.jpg
5537200043,satellite_images\5537200043.jpg
3222049024,satellite_images\3222049024.jpg
2056100275,satellite_images\2056100275.jpg
290000055,satellite_images\290000055.jpg
3299610240,satellite_images\3299610240.jpg
7522500070,satellite_images\7522500070.jpg
326049058,satellite_images\326049058.jpg
3629990180,satellite_images\3629990180.jpg
5416100110,satellite_images\5416100110.jpg
2695600375,satellite_images\2695600375.jpg
6119700030,satellite_images\6119700030.jpg
1523089097,satellite_images\1523089097.jpg
224069145,satellite_images\224069145.jpg
3840700560,satellite_images\3840700560.jpg
1454600266,satellite_images\1454600266.jpg
2769602710,satellite_images\2769602710.jpg
6705850140,satellite_images\6705850140.jpg
8929000170,satellite_images\8929000170.jpg
4318200440,satellite_images\4318200440.jpg
9558010300,satellite_images\9558010300.jpg
723069089,satellite_images\723069089.jpg
3395050060,satellite_images\3395050060.jpg
2767600688,satellite_images\2767600688.jpg
4475800065,satellite_images\4475800065.jpg
2024059111,satellite_images\2024059111.jpg
6777800160,satellite_images\6777800160.jpg
2663000580,satellite_images\2663000580.jpg
1546600120,satellite_images\1546600120.jpg
3365900106,satellite_images\3365900106.jpg
253600150,satellite_images\253600150.jpg
1455600062,satellite_images\1455600062.jpg
1862400353,satellite_images\1862400353.jpg
3630030110,satellite_images\3630030110.jpg
4059400515,satellite_images\4059400515.jpg
4059400265,satellite_images\4059400265.jpg
8929000130,satellite_images\8929000130.jpg
1972200227,satellite_images\1972200227.jpg
6661200260,satellite_images\6661200260.jpg
2754700035,satellite_images\2754700035.jpg
3904901710,satellite_images\3904901710.jpg
7237301010,satellite_images\7237301010.jpg
9323600280,satellite_images\9323600280.jpg
2771600350,satellite_images\2771600350.jpg
3982700088,satellite_images\3982700088.jpg
5602000275,satellite_images\5602000275.jpg
9157600060,satellite_images\9157600060.jpg
7986400180,satellite_images\7986400180.jpg
922059020,satellite_images\922059020.jpg
868000415,satellite_images\868000415.jpg
23520190,satellite_images\23520190.jpg
7298020240,satellite_images\7298020240.jpg
7967700530,satellite_images\7967700530.jpg
3819500065,satellite_images\3819500065.jpg
8635760330,satellite_images\8635760330.jpg
9000025,satellite_images\9000025.jpg
2525310320,satellite_images\2525310320.jpg
6352600650,satellite_images\6352600650.jpg
9834200440,satellite_images\9834200440.jpg
9828200147,satellite_images\9828200147.jpg
5708500208,satellite_images\5708500208.jpg
1077100035,satellite_images\1077100035.jpg
8682291630,satellite_images\8682291630.jpg
7201900370,satellite_images\7201900370.jpg
3052700855,satellite_images\3052700855.jpg
5229300085,satellite_images\5229300085.jpg
2023039045,satellite_images\2023039045.jpg
6057700120,satellite_images\6057700120.jpg
7950302121,satellite_images\7950302121.jpg
3383900057,satellite_images\3383900057.jpg
2011400710,satellite_images\2011400710.jpg
9274200324,satellite_images\9274200324.jpg
4019301386,satellite_images\4019301386.jpg
4046700110,satellite_images\4046700110.jpg
2927600105,satellite_images\2927600105.jpg
1336800240,satellite_images\1336800240.jpg
3274800505,satellite_images\3274800505.jpg
8929000360,satellite_images\8929000360.jpg
7453000070,satellite_images\7453000070.jpg
9834200555,satellite_images\9834200555.jpg
7853270830,satellite_images\7853270830.jpg
826000495,satellite_images\826000495.jpg
121039042,satellite_images\121039042.jpg
7304301085,satellite_images\7304301085.jpg
7977201709,satellite_images\7977201709.jpg
1772600510,satellite_images\1772600510.jpg
8944300010,satellite_images\8944300010.jpg
3626039187,satellite_images\3626039187.jpg
5422560930,satellite_images\5422560930.jpg
3825310760,satellite_images\3825310760.jpg
3157600325,satellite_images\3157600325.jpg
9359300250,satellite_images\9359300250.jpg
428000055,satellite_images\428000055.jpg
2464400500,satellite_images\2464400500.jpg
1546600565,satellite_images\1546600565.jpg
2426069085,satellite_images\2426069085.jpg
1708400555,satellite_images\1708400555.jpg
4127000095,satellite_images\4127000095.jpg
1112700150,satellite_images\1112700150.jpg
1687910200,satellite_images\1687910200.jpg
2525300540,satellite_images\2525300540.jpg
4022900652,satellite_images\4022900652.jpg
9530100555,satellite_images\9530100555.jpg
2652500015,satellite_images\2652500015.jpg
8731800300,satellite_images\8731800300.jpg
9215400105,satellite_images\9215400105.jpg
6414600232,satellite_images\6414600232.jpg
7518503335,satellite_images\7518503335.jpg
8813400245,satellite_images\8813400245.jpg
1523300180,satellite_images\1523300180.jpg
6648100010,satellite_images\6648100010.jpg
7202340400,satellite_images\7202340400.jpg
5113000420,satellite_images\5113000420.jpg
8078430030,satellite_images\8078430030.jpg
826069085,satellite_images\826069085.jpg
7856000110,satellite_images\7856000110.jpg
7555210340,satellite_images\7555210340.jpg
5318100504,satellite_images\5318100504.jpg
1446401190,satellite_images\1446401190.jpg
3904902510,satellite_images\3904902510.jpg
2869200110,satellite_images\2869200110.jpg
2473410740,satellite_images\2473410740.jpg
8658301060,satellite_images\8658301060.jpg
9209900270,satellite_images\9209900270.jpg
7202350060,satellite_images\7202350060.jpg
1557000190,satellite_images\1557000190.jpg
4219610320,satellite_images\4219610320.jpg
2523089110,satellite_images\2523089110.jpg
2896310420,satellite_images\2896310420.jpg
6681500150,satellite_images\6681500150.jpg
1332000110,satellite_images\1332000110.jpg
9161100730,satellite_images\9161100730.jpg
1250200786,satellite_images\1250200786.jpg
1722800860,satellite_images\1722800860.jpg
6018500015,satellite_images\6018500015.jpg
3835500195,satellite_images\3835500195.jpg
6303400150,satellite_images\6303400150.jpg
9536600105,satellite_images\9536600105.jpg
5104450690,satellite_images\5104450690.jpg
8901000543,satellite_images\8901000543.jpg
6388930420,satellite_images\6388930420.jpg
3987700115,satellite_images\3987700115.jpg
7891600590,satellite_images\7891600590.jpg
4046600820,satellite_images\4046600820.jpg
2112700895,satellite_images\2112700895.jpg
582000065,satellite_images\582000065.jpg
1189000700,satellite_images\1189000700.jpg
7941600390,satellite_images\7941600390.jpg
6746700605,satellite_images\6746700605.jpg
6669150530,satellite_images\6669150530.jpg
6146600595,satellite_images\6146600595.jpg
6824100029,satellite_images\6824100029.jpg
8078350030,satellite_images\8078350030.jpg
1024069215,satellite_images\1024069215.jpg
9424400110,satellite_images\9424400110.jpg
1921059213,satellite_images\1921059213.jpg
9432900380,satellite_images\9432900380.jpg
2473100790,satellite_images\2473100790.jpg
2122039137,satellite_images\2122039137.jpg
1449000270,satellite_images\1449000270.jpg
6414100560,satellite_images\6414100560.jpg
526059259,satellite_images\526059259.jpg
4254000060,satellite_images\4254000060.jpg
8964800755,satellite_images\8964800755.jpg
6749700031,satellite_images\6749700031.jpg
3972900160,satellite_images\3972900160.jpg
250000010,satellite_images\250000010.jpg
7325600160,satellite_images\7325600160.jpg
2946001675,satellite_images\2946001675.jpg
1922059282,satellite_images\1922059282.jpg
8856700130,satellite_images\8856700130.jpg
3023000410,satellite_images\3023000410.jpg
7202300040,satellite_images\7202300040.jpg
2310060230,satellite_images\2310060230.jpg
3278606200,satellite_images\3278606200.jpg
4443800765,satellite_images\4443800765.jpg
8924100308,satellite_images\8924100308.jpg
1330300300,satellite_images\1330300300.jpg
5307100060,satellite_images\5307100060.jpg
2645500013,satellite_images\2645500013.jpg
6705600020,satellite_images\6705600020.jpg
2797500030,satellite_images\2797500030.jpg
3500100209,satellite_images\3500100209.jpg
832700320,satellite_images\832700320.jpg
3445000005,satellite_images\3445000005.jpg
9290850740,satellite_images\9290850740.jpg
9285800755,satellite_images\9285800755.jpg
7883607520,satellite_images\7883607520.jpg
1921059310,satellite_images\1921059310.jpg
4027701294,satellite_images\4027701294.jpg
824059331,satellite_images\824059331.jpg
8651441210,satellite_images\8651441210.jpg
2911700010,satellite_images\2911700010.jpg
2823059055,satellite_images\2823059055.jpg
7871500280,satellite_images\7871500280.jpg
4058801780,satellite_images\4058801780.jpg
3793501450,satellite_images\3793501450.jpg
7202380340,satellite_images\7202380340.jpg
3327750020,satellite_images\3327750020.jpg
3126049217,satellite_images\3126049217.jpg
3329530030,satellite_images\3329530030.jpg
2254501095,satellite_images\2254501095.jpg
4140090110,satellite_images\4140090110.jpg
993000873,satellite_images\993000873.jpg
6799300270,satellite_images\6799300270.jpg
6600350140,satellite_images\6600350140.jpg
2767601311,satellite_images\2767601311.jpg
4035900085,satellite_images\4035900085.jpg
5309100450,satellite_images\5309100450.jpg
3764800540,satellite_images\3764800540.jpg
9382200025,satellite_images\9382200025.jpg
2211300260,satellite_images\2211300260.jpg
4174600072,satellite_images\4174600072.jpg
1072010510,satellite_images\1072010510.jpg
225069013,satellite_images\225069013.jpg
6844700975,satellite_images\6844700975.jpg
8964800390,satellite_images\8964800390.jpg
9212900300,satellite_images\9212900300.jpg
2902200915,satellite_images\2902200915.jpg
886000015,satellite_images\886000015.jpg
2516000515,satellite_images\2516000515.jpg
3558910490,satellite_images\3558910490.jpg
8645500370,satellite_images\8645500370.jpg
3863800030,satellite_images\3863800030.jpg
2385200050,satellite_images\2385200050.jpg
1796380330,satellite_images\1796380330.jpg
1118001295,satellite_images\1118001295.jpg
5416510200,satellite_images\5416510200.jpg
7504100910,satellite_images\7504100910.jpg
4157600120,satellite_images\4157600120.jpg
537000416,satellite_images\537000416.jpg
1725079047,satellite_images\1725079047.jpg
1003600056,satellite_images\1003600056.jpg
586470350,satellite_images\586470350.jpg
3421049044,satellite_images\3421049044.jpg
428000150,satellite_images\428000150.jpg
2344300180,satellite_images\2344300180.jpg
5029460180,satellite_images\5029460180.jpg
3830630090,satellite_images\3830630090.jpg
3888100226,satellite_images\3888100226.jpg
9558020890,satellite_images\9558020890.jpg
3856904610,satellite_images\3856904610.jpg
7942200050,satellite_images\7942200050.jpg
3886901795,satellite_images\3886901795.jpg
7202360600,satellite_images\7202360600.jpg
3889100027,satellite_images\3889100027.jpg
8078460070,satellite_images\8078460070.jpg
2600140500,satellite_images\2600140500.jpg
7300410060,satellite_images\7300410060.jpg
5700002025,satellite_images\5700002025.jpg
4051150100,satellite_images\4051150100.jpg
7287100177,satellite_images\7287100177.jpg
106000320,satellite_images\106000320.jpg
4233400480,satellite_images\4233400480.jpg
2310000440,satellite_images\2310000440.jpg
806800420,satellite_images\806800420.jpg
9834200975,satellite_images\9834200975.jpg
7774200236,satellite_images\7774200236.jpg
2738600220,satellite_images\2738600220.jpg
2457200120,satellite_images\2457200120.jpg
3751606785,satellite_images\3751606785.jpg
5547700190,satellite_images\5547700190.jpg
5530000050,satellite_images\5530000050.jpg
2856100935,satellite_images\2856100935.jpg
1118000340,satellite_images\1118000340.jpg
1922069089,satellite_images\1922069089.jpg
1823069102,satellite_images\1823069102.jpg
9165100130,satellite_images\9165100130.jpg
8902000407,satellite_images\8902000407.jpg
1939100560,satellite_images\1939100560.jpg
6917700305,satellite_images\6917700305.jpg
6623400217,satellite_images\6623400217.jpg
1994200031,satellite_images\1994200031.jpg
7785000260,satellite_images\7785000260.jpg
7979900552,satellite_images\7979900552.jpg
7550800915,satellite_images\7550800915.jpg
7299600950,satellite_images\7299600950.jpg
3679400474,satellite_images\3679400474.jpg
9253900417,satellite_images\9253900417.jpg
1999700045,satellite_images\1999700045.jpg
6379500640,satellite_images\6379500640.jpg
6752600130,satellite_images\6752600130.jpg
7525530100,satellite_images\7525530100.jpg
6626300095,satellite_images\6626300095.jpg
9834200305,satellite_images\9834200305.jpg
4385700660,satellite_images\4385700660.jpg
2826049023,satellite_images\2826049023.jpg
5126900310,satellite_images\5126900310.jpg
2722059075,satellite_images\2722059075.jpg
1775700011,satellite_images\1775700011.jpg
1574700140,satellite_images\1574700140.jpg
8077200360,satellite_images\8077200360.jpg
4036800370,satellite_images\4036800370.jpg
3919000030,satellite_images\3919000030.jpg
1428900033,satellite_images\1428900033.jpg
2288900140,satellite_images\2288900140.jpg
629800540,satellite_images\629800540.jpg
5272200035,satellite_images\5272200035.jpg
1120069059,satellite_images\1120069059.jpg
2324059314,satellite_images\2324059314.jpg
1926049385,satellite_images\1926049385.jpg
5605000215,satellite_images\5605000215.jpg
1924059254,satellite_images\1924059254.jpg
7852190580,satellite_images\7852190580.jpg
2600140370,satellite_images\2600140370.jpg
7768700300,satellite_images\7768700300.jpg
2767704055,satellite_images\2767704055.jpg
40000669,satellite_images\40000669.jpg
7214711260,satellite_images\7214711260.jpg
2591020560,satellite_images\2591020560.jpg
4099500605,satellite_images\4099500605.jpg
8559300120,satellite_images\8559300120.jpg
98000130,satellite_images\98000130.jpg
579002600,satellite_images\579002600.jpg
3591000030,satellite_images\3591000030.jpg
5706202070,satellite_images\5706202070.jpg
7227500740,satellite_images\7227500740.jpg
224069084,satellite_images\224069084.jpg
5505700055,satellite_images\5505700055.jpg
9262800171,satellite_images\9262800171.jpg
8665050080,satellite_images\8665050080.jpg
3326059253,satellite_images\3326059253.jpg
3376600170,satellite_images\3376600170.jpg
8887001640,satellite_images\8887001640.jpg
1152700020,satellite_images\1152700020.jpg
3331001165,satellite_images\3331001165.jpg
1247600105,satellite_images\1247600105.jpg
8685500145,satellite_images\8685500145.jpg
1773100561,satellite_images\1773100561.jpg
3278602760,satellite_images\3278602760.jpg
7923600330,satellite_images\7923600330.jpg
8150600065,satellite_images\8150600065.jpg
624110110,satellite_images\624110110.jpg
3828000405,satellite_images\3828000405.jpg
3262301610,satellite_images\3262301610.jpg
4019300155,satellite_images\4019300155.jpg
8097000250,satellite_images\8097000250.jpg
5469300330,satellite_images\5469300330.jpg
984210220,satellite_images\984210220.jpg
3450300280,satellite_images\3450300280.jpg
1545804510,satellite_images\1545804510.jpg
2024059058,satellite_images\2024059058.jpg
2771603990,satellite_images\2771603990.jpg
620079042,satellite_images\620079042.jpg
1545801410,satellite_images\1545801410.jpg
1787600164,satellite_images\1787600164.jpg
3438501020,satellite_images\3438501020.jpg
6703700025,satellite_images\6703700025.jpg
272000220,satellite_images\272000220.jpg
7334401040,satellite_images\7334401040.jpg
6154900065,satellite_images\6154900065.jpg
3876800580,satellite_images\3876800580.jpg
806800400,satellite_images\806800400.jpg
8635760490,satellite_images\8635760490.jpg
7520000520,satellite_images\7520000520.jpg
304000530,satellite_images\304000530.jpg
3352402195,satellite_images\3352402195.jpg
7701930010,satellite_images\7701930010.jpg
5469700052,satellite_images\5469700052.jpg
4054710190,satellite_images\4054710190.jpg
1125069064,satellite_images\1125069064.jpg
3536900030,satellite_images\3536900030.jpg
2914700310,satellite_images\2914700310.jpg
2309710070,satellite_images\2309710070.jpg
2267000458,satellite_images\2267000458.jpg
3303980470,satellite_images\3303980470.jpg
8651440740,satellite_images\8651440740.jpg
1622049154,satellite_images\1622049154.jpg
1559900140,satellite_images\1559900140.jpg
3831200200,satellite_images\3831200200.jpg
8691510150,satellite_images\8691510150.jpg
2826049197,satellite_images\2826049197.jpg
9521100795,satellite_images\9521100795.jpg
7287700059,satellite_images\7287700059.jpg
6806100040,satellite_images\6806100040.jpg
8901000835,satellite_images\8901000835.jpg
5072100095,satellite_images\5072100095.jpg
2883200524,satellite_images\2883200524.jpg
3123089010,satellite_images\3123089010.jpg
1257200115,satellite_images\1257200115.jpg
1069000070,satellite_images\1069000070.jpg
6021502310,satellite_images\6021502310.jpg
9835800750,satellite_images\9835800750.jpg
2197600451,satellite_images\2197600451.jpg
6638900461,satellite_images\6638900461.jpg
4401200460,satellite_images\4401200460.jpg
8024202350,satellite_images\8024202350.jpg
3505100297,satellite_images\3505100297.jpg
1951100110,satellite_images\1951100110.jpg
2377000040,satellite_images\2377000040.jpg
5430300171,satellite_images\5430300171.jpg
3600057,satellite_images\3600057.jpg
6055000310,satellite_images\6055000310.jpg
3454800060,satellite_images\3454800060.jpg
6206100075,satellite_images\6206100075.jpg
9297300740,satellite_images\9297300740.jpg
2767600171,satellite_images\2767600171.jpg
1524079028,satellite_images\1524079028.jpg
9126101511,satellite_images\9126101511.jpg
1432400065,satellite_images\1432400065.jpg
3422059208,satellite_images\3422059208.jpg
7883605900,satellite_images\7883605900.jpg
8691370290,satellite_images\8691370290.jpg
8644210110,satellite_images\8644210110.jpg
2597520790,satellite_images\2597520790.jpg
2525049246,satellite_images\2525049246.jpg
4310703083,satellite_images\4310703083.jpg
3210200373,satellite_images\3210200373.jpg
3352400905,satellite_images\3352400905.jpg
7625702264,satellite_images\7625702264.jpg
9238480020,satellite_images\9238480020.jpg
8661000089,satellite_images\8661000089.jpg
644000040,satellite_images\644000040.jpg
7893805650,satellite_images\7893805650.jpg
1796370930,satellite_images\1796370930.jpg
6613000585,satellite_images\6613000585.jpg
1776230060,satellite_images\1776230060.jpg
4083304700,satellite_images\4083304700.jpg
3876810190,satellite_images\3876810190.jpg
7568700480,satellite_images\7568700480.jpg
7212650650,satellite_images\7212650650.jpg
1236300307,satellite_images\1236300307.jpg
8564860130,satellite_images\8564860130.jpg
3342103156,satellite_images\3342103156.jpg
7228501910,satellite_images\7228501910.jpg
3298701066,satellite_images\3298701066.jpg
4054530090,satellite_images\4054530090.jpg
7227800055,satellite_images\7227800055.jpg
258100040,satellite_images\258100040.jpg
1151100070,satellite_images\1151100070.jpg
9264910920,satellite_images\9264910920.jpg
629811360,satellite_images\629811360.jpg
8682310310,satellite_images\8682310310.jpg
5708500315,satellite_images\5708500315.jpg
6662410070,satellite_images\6662410070.jpg
7199100020,satellite_images\7199100020.jpg
7015200136,satellite_images\7015200136.jpg
3501600235,satellite_images\3501600235.jpg
8651400750,satellite_images\8651400750.jpg
6979970150,satellite_images\6979970150.jpg
6880210020,satellite_images\6880210020.jpg
3541600405,satellite_images\3541600405.jpg
8114000020,satellite_images\8114000020.jpg
2854800090,satellite_images\2854800090.jpg
8651411070,satellite_images\8651411070.jpg
2724049185,satellite_images\2724049185.jpg
123039420,satellite_images\123039420.jpg
2597710070,satellite_images\2597710070.jpg
2228900195,satellite_images\2228900195.jpg
3584900160,satellite_images\3584900160.jpg
301400940,satellite_images\301400940.jpg
3260700360,satellite_images\3260700360.jpg
2019200480,satellite_images\2019200480.jpg
1115800440,satellite_images\1115800440.jpg
9421500130,satellite_images\9421500130.jpg
3861440010,satellite_images\3861440010.jpg
7950302210,satellite_images\7950302210.jpg
1324079054,satellite_images\1324079054.jpg
6620400205,satellite_images\6620400205.jpg
319500570,satellite_images\319500570.jpg
7199330010,satellite_images\7199330010.jpg
1126059007,satellite_images\1126059007.jpg
7148700160,satellite_images\7148700160.jpg
3276900030,satellite_images\3276900030.jpg
6141100320,satellite_images\6141100320.jpg
3918400013,satellite_images\3918400013.jpg
6662000070,satellite_images\6662000070.jpg
3811000250,satellite_images\3811000250.jpg
7853360820,satellite_images\7853360820.jpg
9542890100,satellite_images\9542890100.jpg
3013300288,satellite_images\3013300288.jpg
9202000080,satellite_images\9202000080.jpg
326069026,satellite_images\326069026.jpg
7834800225,satellite_images\7834800225.jpg
7805600070,satellite_images\7805600070.jpg
7589200191,satellite_images\7589200191.jpg
8081900101,satellite_images\8081900101.jpg
224069105,satellite_images\224069105.jpg
224069134,satellite_images\224069134.jpg
3052700213,satellite_images\3052700213.jpg
7861300140,satellite_images\7861300140.jpg
4038700190,satellite_images\4038700190.jpg
6072600200,satellite_images\6072600200.jpg
1774000330,satellite_images\1774000330.jpg
6819100345,satellite_images\6819100345.jpg
40001065,satellite_images\40001065.jpg
9141100070,satellite_images\9141100070.jpg
2325069117,satellite_images\2325069117.jpg
1917300025,satellite_images\1917300025.jpg
7227500830,satellite_images\7227500830.jpg
2122700120,satellite_images\2122700120.jpg
7849201100,satellite_images\7849201100.jpg
1337800830,satellite_images\1337800830.jpg
3500100189,satellite_images\3500100189.jpg
8724300030,satellite_images\8724300030.jpg
1284000010,satellite_images\1284000010.jpg
7200001259,satellite_images\7200001259.jpg
3332500100,satellite_images\3332500100.jpg
5453700140,satellite_images\5453700140.jpg
968000120,satellite_images\968000120.jpg
1370802770,satellite_images\1370802770.jpg
3735901600,satellite_images\3735901600.jpg
1424130220,satellite_images\1424130220.jpg
2223059099,satellite_images\2223059099.jpg
7694200090,satellite_images\7694200090.jpg
7131300035,satellite_images\7131300035.jpg
3123039042,satellite_images\3123039042.jpg
4146800050,satellite_images\4146800050.jpg
7228501805,satellite_images\7228501805.jpg
6758700050,satellite_images\6758700050.jpg
2591830130,satellite_images\2591830130.jpg
662310620,satellite_images\662310620.jpg
8731901910,satellite_images\8731901910.jpg
6743700015,satellite_images\6743700015.jpg
2225059214,satellite_images\2225059214.jpg
5437820020,satellite_images\5437820020.jpg
7631200310,satellite_images\7631200310.jpg
9560700055,satellite_images\9560700055.jpg
1773100315,satellite_images\1773100315.jpg
8680100030,satellite_images\8680100030.jpg
8948500025,satellite_images\8948500025.jpg
301400320,satellite_images\301400320.jpg
8562890370,satellite_images\8562890370.jpg
8929000060,satellite_images\8929000060.jpg
1525079056,satellite_images\1525079056.jpg
130000175,satellite_images\130000175.jpg
2310110230,satellite_images\2310110230.jpg
3543900380,satellite_images\3543900380.jpg
7955030010,satellite_images\7955030010.jpg
321049127,satellite_images\321049127.jpg
5451200110,satellite_images\5451200110.jpg
1862400541,satellite_images\1862400541.jpg
5113260430,satellite_images\5113260430.jpg
1853080840,satellite_images\1853080840.jpg
7625703900,satellite_images\7625703900.jpg
625049310,satellite_images\625049310.jpg
7812500180,satellite_images\7812500180.jpg
4131500140,satellite_images\4131500140.jpg
1645000100,satellite_images\1645000100.jpg
7575610170,satellite_images\7575610170.jpg
8731983340,satellite_images\8731983340.jpg
7657000085,satellite_images\7657000085.jpg
3869900139,satellite_images\3869900139.jpg
4073200124,satellite_images\4073200124.jpg
2644300005,satellite_images\2644300005.jpg
2473360060,satellite_images\2473360060.jpg
5072300210,satellite_images\5072300210.jpg
5492200090,satellite_images\5492200090.jpg
2806800120,satellite_images\2806800120.jpg
7214700580,satellite_images\7214700580.jpg
1773101215,satellite_images\1773101215.jpg
6146600185,satellite_images\6146600185.jpg
1323089107,satellite_images\1323089107.jpg
2223089048,satellite_images\2223089048.jpg
6142100090,satellite_images\6142100090.jpg
1830300090,satellite_images\1830300090.jpg
2771602428,satellite_images\2771602428.jpg
2781200090,satellite_images\2781200090.jpg
6149700380,satellite_images\6149700380.jpg
7212650240,satellite_images\7212650240.jpg
3528900401,satellite_images\3528900401.jpg
7454001210,satellite_images\7454001210.jpg
7197350070,satellite_images\7197350070.jpg
3047700105,satellite_images\3047700105.jpg
2867100005,satellite_images\2867100005.jpg
8645510230,satellite_images\8645510230.jpg
291310120,satellite_images\291310120.jpg
3432501395,satellite_images\3432501395.jpg
7202340530,satellite_images\7202340530.jpg
3204800040,satellite_images\3204800040.jpg
2968801075,satellite_images\2968801075.jpg
5128000010,satellite_images\5128000010.jpg
3876200100,satellite_images\3876200100.jpg
3022079094,satellite_images\3022079094.jpg
6840701135,satellite_images\6840701135.jpg
9554200200,satellite_images\9554200200.jpg
3010300415,satellite_images\3010300415.jpg
2524069078,satellite_images\2524069078.jpg
1126049103,satellite_images\1126049103.jpg
726049232,satellite_images\726049232.jpg
3856902996,satellite_images\3856902996.jpg
1626079066,satellite_images\1626079066.jpg
3293700482,satellite_images\3293700482.jpg
3307700150,satellite_images\3307700150.jpg
8807810890,satellite_images\8807810890.jpg
1373800295,satellite_images\1373800295.jpg
1939100610,satellite_images\1939100610.jpg
8138870530,satellite_images\8138870530.jpg
3384300100,satellite_images\3384300100.jpg
461004195,satellite_images\461004195.jpg
3034200087,satellite_images\3034200087.jpg
5595900210,satellite_images\5595900210.jpg
5609000311,satellite_images\5609000311.jpg
6021500025,satellite_images\6021500025.jpg
6052401631,satellite_images\6052401631.jpg
5379806590,satellite_images\5379806590.jpg
7202280390,satellite_images\7202280390.jpg
2902200142,satellite_images\2902200142.jpg
7466900220,satellite_images\7466900220.jpg
2425049107,satellite_images\2425049107.jpg
705730280,satellite_images\705730280.jpg
6804600550,satellite_images\6804600550.jpg
6163901352,satellite_images\6163901352.jpg
8856004786,satellite_images\8856004786.jpg
9828702771,satellite_images\9828702771.jpg
8024200350,satellite_images\8024200350.jpg
5422560810,satellite_images\5422560810.jpg
6413600275,satellite_images\6413600275.jpg
7849200315,satellite_images\7849200315.jpg
5113260040,satellite_images\5113260040.jpg
1453600681,satellite_images\1453600681.jpg
7708210070,satellite_images\7708210070.jpg
7221400495,satellite_images\7221400495.jpg
7852060490,satellite_images\7852060490.jpg
1453602284,satellite_images\1453602284.jpg
3797000145,satellite_images\3797000145.jpg
7167000060,satellite_images\7167000060.jpg
510001400,satellite_images\510001400.jpg
6415100297,satellite_images\6415100297.jpg
3624039102,satellite_images\3624039102.jpg
3578600141,satellite_images\3578600141.jpg
8644000060,satellite_images\8644000060.jpg
1245003268,satellite_images\1245003268.jpg
3342100685,satellite_images\3342100685.jpg
1721800470,satellite_images\1721800470.jpg
1066600025,satellite_images\1066600025.jpg
6385000025,satellite_images\6385000025.jpg
3693900985,satellite_images\3693900985.jpg
5538300225,satellite_images\5538300225.jpg
1774000200,satellite_images\1774000200.jpg
426069099,satellite_images\426069099.jpg
8651510020,satellite_images\8651510020.jpg
6908200155,satellite_images\6908200155.jpg
7229000025,satellite_images\7229000025.jpg
6620400400,satellite_images\6620400400.jpg
3522029124,satellite_images\3522029124.jpg
2970800130,satellite_images\2970800130.jpg
9528103443,satellite_images\9528103443.jpg
9558020600,satellite_images\9558020600.jpg
1125069086,satellite_images\1125069086.jpg
6669000070,satellite_images\6669000070.jpg
3123049320,satellite_images\3123049320.jpg
4139900210,satellite_images\4139900210.jpg
217700050,satellite_images\217700050.jpg
1226039058,satellite_images\1226039058.jpg
3523029041,satellite_images\3523029041.jpg
3260350090,satellite_images\3260350090.jpg
9406500540,satellite_images\9406500540.jpg
2597530760,satellite_images\2597530760.jpg
4315700175,satellite_images\4315700175.jpg
7228502150,satellite_images\7228502150.jpg
1250200765,satellite_images\1250200765.jpg
5101405335,satellite_images\5101405335.jpg
3981200660,satellite_images\3981200660.jpg
7857003851,satellite_images\7857003851.jpg
269000085,satellite_images\269000085.jpg
2799800750,satellite_images\2799800750.jpg
3438500346,satellite_images\3438500346.jpg
1223059081,satellite_images\1223059081.jpg
7935000125,satellite_images\7935000125.jpg
7861000021,satellite_images\7861000021.jpg
4473400155,satellite_images\4473400155.jpg
9393700065,satellite_images\9393700065.jpg
1931300425,satellite_images\1931300425.jpg
4036801070,satellite_images\4036801070.jpg
2525300030,satellite_images\2525300030.jpg
3303950220,satellite_images\3303950220.jpg
2771101921,satellite_images\2771101921.jpg
3226049401,satellite_images\3226049401.jpg
1250200552,satellite_images\1250200552.jpg
5452301785,satellite_images\5452301785.jpg
7518505375,satellite_images\7518505375.jpg
2235000015,satellite_images\2235000015.jpg
3330500345,satellite_images\3330500345.jpg
9136103136,satellite_images\9136103136.jpg
8567450080,satellite_images\8567450080.jpg
5018200110,satellite_images\5018200110.jpg
8945200860,satellite_images\8945200860.jpg
8563001130,satellite_images\8563001130.jpg
3275760190,satellite_images\3275760190.jpg
6822100030,satellite_images\6822100030.jpg
7137950460,satellite_images\7137950460.jpg
7504000230,satellite_images\7504000230.jpg
2926049237,satellite_images\2926049237.jpg
7844200040,satellite_images\7844200040.jpg
8665050060,satellite_images\8665050060.jpg
8827901415,satellite_images\8827901415.jpg
1796350690,satellite_images\1796350690.jpg
446000020,satellite_images\446000020.jpg
8818900250,satellite_images\8818900250.jpg
8732040180,satellite_images\8732040180.jpg
6021501685,satellite_images\6021501685.jpg
2125059013,satellite_images\2125059013.jpg
3630110340,satellite_images\3630110340.jpg
8092501240,satellite_images\8092501240.jpg
293000036,satellite_images\293000036.jpg
8944360170,satellite_images\8944360170.jpg
2617300160,satellite_images\2617300160.jpg
7760400880,satellite_images\7760400880.jpg
8074400150,satellite_images\8074400150.jpg
5316100106,satellite_images\5316100106.jpg
9276202160,satellite_images\9276202160.jpg
4315700505,satellite_images\4315700505.jpg
5416510990,satellite_images\5416510990.jpg
2821049048,satellite_images\2821049048.jpg
3876800710,satellite_images\3876800710.jpg
3211100450,satellite_images\3211100450.jpg
1568100387,satellite_images\1568100387.jpg
1311000270,satellite_images\1311000270.jpg
4027700726,satellite_images\4027700726.jpg
7588700204,satellite_images\7588700204.jpg
2607730110,satellite_images\2607730110.jpg
573000685,satellite_images\573000685.jpg
3343900120,satellite_images\3343900120.jpg
5379805260,satellite_images\5379805260.jpg
2798600120,satellite_images\2798600120.jpg
9117100040,satellite_images\9117100040.jpg
8655900100,satellite_images\8655900100.jpg
3750600566,satellite_images\3750600566.jpg
4027700014,satellite_images\4027700014.jpg
4027700797,satellite_images\4027700797.jpg
9477200560,satellite_images\9477200560.jpg
4410600100,satellite_images\4410600100.jpg
1873100490,satellite_images\1873100490.jpg
2824059043,satellite_images\2824059043.jpg
7575620120,satellite_images\7575620120.jpg
7852140100,satellite_images\7852140100.jpg
1703900005,satellite_images\1703900005.jpg
1771000950,satellite_images\1771000950.jpg
518500610,satellite_images\518500610.jpg
6744700424,satellite_images\6744700424.jpg
7853270940,satellite_images\7853270940.jpg
2436200185,satellite_images\2436200185.jpg
1615900020,satellite_images\1615900020.jpg
8078370010,satellite_images\8078370010.jpg
1330910370,satellite_images\1330910370.jpg
9393700110,satellite_images\9393700110.jpg
9250900104,satellite_images\9250900104.jpg
3278602170,satellite_images\3278602170.jpg
3904990030,satellite_images\3904990030.jpg
7202330790,satellite_images\7202330790.jpg
2771602420,satellite_images\2771602420.jpg
4204400201,satellite_images\4204400201.jpg
3365900041,satellite_images\3365900041.jpg
2490200615,satellite_images\2490200615.jpg
5026900160,satellite_images\5026900160.jpg
2025069065,satellite_images\2025069065.jpg
5611000090,satellite_images\5611000090.jpg
5100403806,satellite_images\5100403806.jpg
8078050120,satellite_images\8078050120.jpg
1777600230,satellite_images\1777600230.jpg
8035350260,satellite_images\8035350260.jpg
8079100140,satellite_images\8079100140.jpg
4167300310,satellite_images\4167300310.jpg
1954700410,satellite_images\1954700410.jpg
3438502290,satellite_images\3438502290.jpg
2320069189,satellite_images\2320069189.jpg
8732190200,satellite_images\8732190200.jpg
7853210140,satellite_images\7853210140.jpg
8024200677,satellite_images\8024200677.jpg
8651442810,satellite_images\8651442810.jpg
8682310430,satellite_images\8682310430.jpg
2787460120,satellite_images\2787460120.jpg
9476200020,satellite_images\9476200020.jpg
7461420230,satellite_images\7461420230.jpg
3123039063,satellite_images\3123039063.jpg
3304300210,satellite_images\3304300210.jpg
3918400123,satellite_images\3918400123.jpg
8562890430,satellite_images\8562890430.jpg
3832710960,satellite_images\3832710960.jpg
4040800050,satellite_images\4040800050.jpg
7300000650,satellite_images\7300000650.jpg
1498301168,satellite_images\1498301168.jpg
7905200381,satellite_images\7905200381.jpg
8732160240,satellite_images\8732160240.jpg
1929300305,satellite_images\1929300305.jpg
3052700225,satellite_images\3052700225.jpg
8091401030,satellite_images\8091401030.jpg
9396700028,satellite_images\9396700028.jpg
5318100645,satellite_images\5318100645.jpg
2895800590,satellite_images\2895800590.jpg
5315101716,satellite_images\5315101716.jpg
2419700030,satellite_images\2419700030.jpg
2568200610,satellite_images\2568200610.jpg
2787311190,satellite_images\2787311190.jpg
3243100050,satellite_images\3243100050.jpg
3649100276,satellite_images\3649100276.jpg
3915500045,satellite_images\3915500045.jpg
7905200386,satellite_images\7905200386.jpg
7222000090,satellite_images\7222000090.jpg
6192410550,satellite_images\6192410550.jpg
7694600201,satellite_images\7694600201.jpg
2207000060,satellite_images\2207000060.jpg
3541600235,satellite_images\3541600235.jpg
809002215,satellite_images\809002215.jpg
9348700450,satellite_images\9348700450.jpg
1954430190,satellite_images\1954430190.jpg
1085622540,satellite_images\1085622540.jpg
3151600035,satellite_images\3151600035.jpg
8161020060,satellite_images\8161020060.jpg
8562500690,satellite_images\8562500690.jpg
1895450090,satellite_images\1895450090.jpg
806800090,satellite_images\806800090.jpg
7454000110,satellite_images\7454000110.jpg
9528101032,satellite_images\9528101032.jpg
2770602335,satellite_images\2770602335.jpg
629000410,satellite_images\629000410.jpg
5015000346,satellite_images\5015000346.jpg
8122600020,satellite_images\8122600020.jpg
9435300051,satellite_images\9435300051.jpg
1683500140,satellite_images\1683500140.jpg
259100110,satellite_images\259100110.jpg
8731801190,satellite_images\8731801190.jpg
292000070,satellite_images\292000070.jpg
7853290090,satellite_images\7853290090.jpg
1761100300,satellite_images\1761100300.jpg
7853250090,satellite_images\7853250090.jpg
9455200790,satellite_images\9455200790.jpg
7904700134,satellite_images\7904700134.jpg
7856640560,satellite_images\7856640560.jpg
3582750280,satellite_images\3582750280.jpg
9357000635,satellite_images\9357000635.jpg
1722069145,satellite_images\1722069145.jpg
7299600700,satellite_images\7299600700.jpg
1370803445,satellite_images\1370803445.jpg
9264960850,satellite_images\9264960850.jpg
2570500230,satellite_images\2570500230.jpg
4024101545,satellite_images\4024101545.jpg
4401150070,satellite_images\4401150070.jpg
8691310840,satellite_images\8691310840.jpg
5104520640,satellite_images\5104520640.jpg
7800800160,satellite_images\7800800160.jpg
7683800192,satellite_images\7683800192.jpg
3630180380,satellite_images\3630180380.jpg
5535600150,satellite_images\5535600150.jpg
3995700325,satellite_images\3995700325.jpg
8673400052,satellite_images\8673400052.jpg
1175000059,satellite_images\1175000059.jpg
7633400110,satellite_images\7633400110.jpg
9560800290,satellite_images\9560800290.jpg
1687000270,satellite_images\1687000270.jpg
5101407790,satellite_images\5101407790.jpg
7547300050,satellite_images\7547300050.jpg
6145601599,satellite_images\6145601599.jpg
6204400270,satellite_images\6204400270.jpg
2586800140,satellite_images\2586800140.jpg
6751300385,satellite_images\6751300385.jpg
722079104,satellite_images\722079104.jpg
3830200140,satellite_images\3830200140.jpg
223039330,satellite_images\223039330.jpg
6141100445,satellite_images\6141100445.jpg
9222400935,satellite_images\9222400935.jpg
1774220400,satellite_images\1774220400.jpg
925059113,satellite_images\925059113.jpg
6021500320,satellite_images\6021500320.jpg
5592900015,satellite_images\5592900015.jpg
1321400650,satellite_images\1321400650.jpg
2205500080,satellite_images\2205500080.jpg
5137800130,satellite_images\5137800130.jpg
7227800025,satellite_images\7227800025.jpg
3885802134,satellite_images\3885802134.jpg
2652501513,satellite_images\2652501513.jpg
827000110,satellite_images\827000110.jpg
626059220,satellite_images\626059220.jpg
5101402428,satellite_images\5101402428.jpg
3826000280,satellite_images\3826000280.jpg
9264000010,satellite_images\9264000010.jpg
9512500460,satellite_images\9512500460.jpg
8081900195,satellite_images\8081900195.jpg
5702330120,satellite_images\5702330120.jpg
9414610020,satellite_images\9414610020.jpg
2868900160,satellite_images\2868900160.jpg
3904910320,satellite_images\3904910320.jpg
7203101590,satellite_images\7203101590.jpg
2547200240,satellite_images\2547200240.jpg
686530020,satellite_images\686530020.jpg
5200100105,satellite_images\5200100105.jpg
8650000250,satellite_images\8650000250.jpg
1926049326,satellite_images\1926049326.jpg
7853301390,satellite_images\7853301390.jpg
88000591,satellite_images\88000591.jpg
5422420470,satellite_images\5422420470.jpg
3629980780,satellite_images\3629980780.jpg
6662410020,satellite_images\6662410020.jpg
1545800290,satellite_images\1545800290.jpg
2591720360,satellite_images\2591720360.jpg
1828300100,satellite_images\1828300100.jpg
7853301220,satellite_images\7853301220.jpg
1099610830,satellite_images\1099610830.jpg
7519001275,satellite_images\7519001275.jpg
1025079086,satellite_images\1025079086.jpg
9834201366,satellite_images\9834201366.jpg
6383000790,satellite_images\6383000790.jpg
7787920250,satellite_images\7787920250.jpg
8085400055,satellite_images\8085400055.jpg
8163300320,satellite_images\8163300320.jpg
3923400123,satellite_images\3923400123.jpg
8929000050,satellite_images\8929000050.jpg
6600220150,satellite_images\6600220150.jpg
7701990380,satellite_images\7701990380.jpg
9164100040,satellite_images\9164100040.jpg
8078460520,satellite_images\8078460520.jpg
3791400250,satellite_images\3791400250.jpg
7853220390,satellite_images\7853220390.jpg
7207900050,satellite_images\7207900050.jpg
770000045,satellite_images\770000045.jpg
9413600670,satellite_images\9413600670.jpg
7849202231,satellite_images\7849202231.jpg
7568700215,satellite_images\7568700215.jpg
3331001765,satellite_images\3331001765.jpg
2769602880,satellite_images\2769602880.jpg
9282801950,satellite_images\9282801950.jpg
7574000100,satellite_images\7574000100.jpg
7548800050,satellite_images\7548800050.jpg
4027700321,satellite_images\4027700321.jpg
3914000090,satellite_images\3914000090.jpg
4443800110,satellite_images\4443800110.jpg
5424100030,satellite_images\5424100030.jpg
1137300890,satellite_images\1137300890.jpg
8132700150,satellite_images\8132700150.jpg
3424069076,satellite_images\3424069076.jpg
724069023,satellite_images\724069023.jpg
7299601410,satellite_images\7299601410.jpg
4358700188,satellite_images\4358700188.jpg
2473000130,satellite_images\2473000130.jpg
8005100571,satellite_images\8005100571.jpg
7905380080,satellite_images\7905380080.jpg
2330000035,satellite_images\2330000035.jpg
5631500992,satellite_images\5631500992.jpg
2592201350,satellite_images\2592201350.jpg
6386600170,satellite_images\6386600170.jpg
9558050450,satellite_images\9558050450.jpg
7504180070,satellite_images\7504180070.jpg
1829300520,satellite_images\1829300520.jpg
5100401315,satellite_images\5100401315.jpg
2909310060,satellite_images\2909310060.jpg
7515000143,satellite_images\7515000143.jpg
1250201640,satellite_images\1250201640.jpg
4039100400,satellite_images\4039100400.jpg
4402700125,satellite_images\4402700125.jpg
3392500060,satellite_images\3392500060.jpg
3629760110,satellite_images\3629760110.jpg
4021700025,satellite_images\4021700025.jpg
4123800580,satellite_images\4123800580.jpg
1727000680,satellite_images\1727000680.jpg
1180000830,satellite_images\1180000830.jpg
3582700070,satellite_images\3582700070.jpg
3204960200,satellite_images\3204960200.jpg
2781200010,satellite_images\2781200010.jpg
4036801245,satellite_images\4036801245.jpg
2589300180,satellite_images\2589300180.jpg
2754700095,satellite_images\2754700095.jpg
148000680,satellite_images\148000680.jpg
46100350,satellite_images\46100350.jpg
1954400510,satellite_images\1954400510.jpg
5151600040,satellite_images\5151600040.jpg
6139100056,satellite_images\6139100056.jpg
2817100040,satellite_images\2817100040.jpg
2113700335,satellite_images\2113700335.jpg
1865800250,satellite_images\1865800250.jpg
1962200145,satellite_images\1962200145.jpg
1727500280,satellite_images\1727500280.jpg
923000095,satellite_images\923000095.jpg
8825900310,satellite_images\8825900310.jpg
381000110,satellite_images\381000110.jpg
4345000050,satellite_images\4345000050.jpg
7854800090,satellite_images\7854800090.jpg
1604601225,satellite_images\1604601225.jpg
7518505070,satellite_images\7518505070.jpg
3342102385,satellite_images\3342102385.jpg
7237590010,satellite_images\7237590010.jpg
9839301165,satellite_images\9839301165.jpg
3342100995,satellite_images\3342100995.jpg
9297300590,satellite_images\9297300590.jpg
486000597,satellite_images\486000597.jpg
2781280290,satellite_images\2781280290.jpg
3623029034,satellite_images\3623029034.jpg
4331400090,satellite_images\4331400090.jpg
65000400,satellite_images\65000400.jpg
7658600082,satellite_images\7658600082.jpg
8576400110,satellite_images\8576400110.jpg
2652500300,satellite_images\2652500300.jpg
2781250970,satellite_images\2781250970.jpg
3856900590,satellite_images\3856900590.jpg
6412100092,satellite_images\6412100092.jpg
1024049006,satellite_images\1024049006.jpg
7215410430,satellite_images\7215410430.jpg
1854750010,satellite_images\1854750010.jpg
7171200445,satellite_images\7171200445.jpg
4215250310,satellite_images\4215250310.jpg
7129304200,satellite_images\7129304200.jpg
7338200170,satellite_images\7338200170.jpg
7967600069,satellite_images\7967600069.jpg
1565100010,satellite_images\1565100010.jpg
5422570260,satellite_images\5422570260.jpg
1972200426,satellite_images\1972200426.jpg
200480020,satellite_images\200480020.jpg
7812801700,satellite_images\7812801700.jpg
9297300395,satellite_images\9297300395.jpg
6382000080,satellite_images\6382000080.jpg
1220000100,satellite_images\1220000100.jpg
301400930,satellite_images\301400930.jpg
2231800020,satellite_images\2231800020.jpg
8125200483,satellite_images\8125200483.jpg
2624049073,satellite_images\2624049073.jpg
2210500010,satellite_images\2210500010.jpg
646910620,satellite_images\646910620.jpg
40000471,satellite_images\40000471.jpg
952006783,satellite_images\952006783.jpg
4137070090,satellite_images\4137070090.jpg
3977630130,satellite_images\3977630130.jpg
1196003740,satellite_images\1196003740.jpg
6300500505,satellite_images\6300500505.jpg
6085000130,satellite_images\6085000130.jpg
6362900145,satellite_images\6362900145.jpg
2387000110,satellite_images\2387000110.jpg
9352900200,satellite_images\9352900200.jpg
2424000060,satellite_images\2424000060.jpg
2044500201,satellite_images\2044500201.jpg
3395800305,satellite_images\3395800305.jpg
9346980140,satellite_images\9346980140.jpg
3735900590,satellite_images\3735900590.jpg
2487200680,satellite_images\2487200680.jpg
7302900090,satellite_images\7302900090.jpg
7335400020,satellite_images\7335400020.jpg
3343901641,satellite_images\3343901641.jpg
3395050050,satellite_images\3395050050.jpg
9839300775,satellite_images\9839300775.jpg
272000945,satellite_images\272000945.jpg
4253400100,satellite_images\4253400100.jpg
3450400330,satellite_images\3450400330.jpg
2624079022,satellite_images\2624079022.jpg
3025049052,satellite_images\3025049052.jpg
4037500110,satellite_images\4037500110.jpg
5215200010,satellite_images\5215200010.jpg
8568010310,satellite_images\8568010310.jpg
8691360380,satellite_images\8691360380.jpg
5149300200,satellite_images\5149300200.jpg
6116500290,satellite_images\6116500290.jpg
8835800450,satellite_images\8835800450.jpg
1923039089,satellite_images\1923039089.jpg
1925069066,satellite_images\1925069066.jpg
8078380230,satellite_images\8078380230.jpg
1102001055,satellite_images\1102001055.jpg
9238430300,satellite_images\9238430300.jpg
937000330,satellite_images\937000330.jpg
8155820080,satellite_images\8155820080.jpg
1123049232,satellite_images\1123049232.jpg
1802000060,satellite_images\1802000060.jpg
6600250050,satellite_images\6600250050.jpg
8146100325,satellite_images\8146100325.jpg
274000020,satellite_images\274000020.jpg
2501600150,satellite_images\2501600150.jpg
2115720500,satellite_images\2115720500.jpg
2926049582,satellite_images\2926049582.jpg
6021503705,satellite_images\6021503705.jpg
3827600040,satellite_images\3827600040.jpg
1774220350,satellite_images\1774220350.jpg
6021501780,satellite_images\6021501780.jpg
9550202730,satellite_images\9550202730.jpg
4137010530,satellite_images\4137010530.jpg
8155800050,satellite_images\8155800050.jpg
5706500140,satellite_images\5706500140.jpg
255450340,satellite_images\255450340.jpg
7524950210,satellite_images\7524950210.jpg
8089500180,satellite_images\8089500180.jpg
2919702075,satellite_images\2919702075.jpg
9835800840,satellite_images\9835800840.jpg
603001020,satellite_images\603001020.jpg
203101065,satellite_images\203101065.jpg
1853080540,satellite_images\1853080540.jpg
7202330470,satellite_images\7202330470.jpg
2172000570,satellite_images\2172000570.jpg
9161100460,satellite_images\9161100460.jpg
6031400094,satellite_images\6031400094.jpg
5468700105,satellite_images\5468700105.jpg
3296900160,satellite_images\3296900160.jpg
8886000021,satellite_images\8886000021.jpg
9542840120,satellite_images\9542840120.jpg
5017000575,satellite_images\5017000575.jpg
793200100,satellite_images\793200100.jpg
3586501075,satellite_images\3586501075.jpg
844001145,satellite_images\844001145.jpg
23500220,satellite_images\23500220.jpg
6381500090,satellite_images\6381500090.jpg
2600000210,satellite_images\2600000210.jpg
3862710210,satellite_images\3862710210.jpg
8862500280,satellite_images\8862500280.jpg
3744000130,satellite_images\3744000130.jpg
9528102870,satellite_images\9528102870.jpg
3905030190,satellite_images\3905030190.jpg
6821102385,satellite_images\6821102385.jpg
509000020,satellite_images\509000020.jpg
109200730,satellite_images\109200730.jpg
6150700180,satellite_images\6150700180.jpg
1939000040,satellite_images\1939000040.jpg
1311100520,satellite_images\1311100520.jpg
8159610060,satellite_images\8159610060.jpg
6645950070,satellite_images\6645950070.jpg
7740500070,satellite_images\7740500070.jpg
9550202010,satellite_images\9550202010.jpg
6071700160,satellite_images\6071700160.jpg
4443800555,satellite_images\4443800555.jpg
203100440,satellite_images\203100440.jpg
686100380,satellite_images\686100380.jpg
8091410390,satellite_images\8091410390.jpg
2817800100,satellite_images\2817800100.jpg
8730000250,satellite_images\8730000250.jpg
8651410240,satellite_images\8651410240.jpg
4141400100,satellite_images\4141400100.jpg
7186800120,satellite_images\7186800120.jpg
1623300160,satellite_images\1623300160.jpg
2310000240,satellite_images\2310000240.jpg
4038800580,satellite_images\4038800580.jpg
7871500345,satellite_images\7871500345.jpg
8682281960,satellite_images\8682281960.jpg
3329500060,satellite_images\3329500060.jpg
16000397,satellite_images\16000397.jpg
4039300490,satellite_images\4039300490.jpg
255400060,satellite_images\255400060.jpg
7214711270,satellite_images\7214711270.jpg
9195700380,satellite_images\9195700380.jpg
4083801395,satellite_images\4083801395.jpg
4048400185,satellite_images\4048400185.jpg
1326069151,satellite_images\1326069151.jpg
8108600442,satellite_images\8108600442.jpg
7555220150,satellite_images\7555220150.jpg
7338401230,satellite_images\7338401230.jpg
8691440440,satellite_images\8691440440.jpg
5316100920,satellite_images\5316100920.jpg
1115100169,satellite_images\1115100169.jpg
522059013,satellite_images\522059013.jpg
9388100015,satellite_images\9388100015.jpg
2068000270,satellite_images\2068000270.jpg
5647000060,satellite_images\5647000060.jpg
2877101745,satellite_images\2877101745.jpg
408100150,satellite_images\408100150.jpg
2473370750,satellite_images\2473370750.jpg
8910500150,satellite_images\8910500150.jpg
7519001825,satellite_images\7519001825.jpg
5259800090,satellite_images\5259800090.jpg
255370020,satellite_images\255370020.jpg
2877101340,satellite_images\2877101340.jpg
6206100030,satellite_images\6206100030.jpg
925059078,satellite_images\925059078.jpg
2473530150,satellite_images\2473530150.jpg
7739100015,satellite_images\7739100015.jpg
4459800075,satellite_images\4459800075.jpg
7883605695,satellite_images\7883605695.jpg
8682290410,satellite_images\8682290410.jpg
8651411420,satellite_images\8651411420.jpg
1522600100,satellite_images\1522600100.jpg
9264950600,satellite_images\9264950600.jpg
1494300110,satellite_images\1494300110.jpg
8651611170,satellite_images\8651611170.jpg
9542000030,satellite_images\9542000030.jpg
8562790950,satellite_images\8562790950.jpg
1626079154,satellite_images\1626079154.jpg
3616600003,satellite_images\3616600003.jpg
5100402606,satellite_images\5100402606.jpg
8956000350,satellite_images\8956000350.jpg
425049181,satellite_images\425049181.jpg
6072400820,satellite_images\6072400820.jpg
1822069052,satellite_images\1822069052.jpg
686450330,satellite_images\686450330.jpg
7605800050,satellite_images\7605800050.jpg
8562720230,satellite_images\8562720230.jpg
5151600530,satellite_images\5151600530.jpg
250000090,satellite_images\250000090.jpg
8682231170,satellite_images\8682231170.jpg
3793501130,satellite_images\3793501130.jpg
4178600040,satellite_images\4178600040.jpg
5101400461,satellite_images\5101400461.jpg
126039394,satellite_images\126039394.jpg
2156500220,satellite_images\2156500220.jpg
6678900140,satellite_images\6678900140.jpg
3226059083,satellite_images\3226059083.jpg
1432900240,satellite_images\1432900240.jpg
2324039069,satellite_images\2324039069.jpg
3879901290,satellite_images\3879901290.jpg
6329000705,satellite_images\6329000705.jpg
5151600300,satellite_images\5151600300.jpg
1421069208,satellite_images\1421069208.jpg
6117900010,satellite_images\6117900010.jpg
11501330,satellite_images\11501330.jpg
1770000460,satellite_images\1770000460.jpg
7905370440,satellite_images\7905370440.jpg
2592400550,satellite_images\2592400550.jpg
185000118,satellite_images\185000118.jpg
7738500185,satellite_images\7738500185.jpg
4239400730,satellite_images\4239400730.jpg
1922059445,satellite_images\1922059445.jpg
6206100130,satellite_images\6206100130.jpg
1826049442,satellite_images\1826049442.jpg
3271800850,satellite_images\3271800850.jpg
1498300775,satellite_images\1498300775.jpg
8691390280,satellite_images\8691390280.jpg
191100810,satellite_images\191100810.jpg
8651100110,satellite_images\8651100110.jpg
3340401555,satellite_images\3340401555.jpg
1823099076,satellite_images\1823099076.jpg
6681500080,satellite_images\6681500080.jpg
2239000016,satellite_images\2239000016.jpg
7502800100,satellite_images\7502800100.jpg
179000350,satellite_images\179000350.jpg
4441300440,satellite_images\4441300440.jpg
3905120610,satellite_images\3905120610.jpg
8165500830,satellite_images\8165500830.jpg
3977630270,satellite_images\3977630270.jpg
8155500020,satellite_images\8155500020.jpg
2436200200,satellite_images\2436200200.jpg
8731951130,satellite_images\8731951130.jpg
7140200330,satellite_images\7140200330.jpg
2144800117,satellite_images\2144800117.jpg
3275870080,satellite_images\3275870080.jpg
2064800830,satellite_images\2064800830.jpg
4215250220,satellite_images\4215250220.jpg
8925100440,satellite_images\8925100440.jpg
9122001230,satellite_images\9122001230.jpg
4083305633,satellite_images\4083305633.jpg
8648220260,satellite_images\8648220260.jpg
3013300895,satellite_images\3013300895.jpg
3905050280,satellite_images\3905050280.jpg
2338800161,satellite_images\2338800161.jpg
7312400080,satellite_images\7312400080.jpg
4019300680,satellite_images\4019300680.jpg
3876311390,satellite_images\3876311390.jpg
1257201095,satellite_images\1257201095.jpg
2212200500,satellite_images\2212200500.jpg
11520030,satellite_images\11520030.jpg
3278604510,satellite_images\3278604510.jpg
2125049139,satellite_images\2125049139.jpg
2291400350,satellite_images\2291400350.jpg
1972202005,satellite_images\1972202005.jpg
9521100585,satellite_images\9521100585.jpg
5318100965,satellite_images\5318100965.jpg
5637200150,satellite_images\5637200150.jpg
3298300140,satellite_images\3298300140.jpg
6061500100,satellite_images\6061500100.jpg
8669160170,satellite_images\8669160170.jpg
7625701795,satellite_images\7625701795.jpg
4392200165,satellite_images\4392200165.jpg
3876001330,satellite_images\3876001330.jpg
3825310130,satellite_images\3825310130.jpg
7301300150,satellite_images\7301300150.jpg
2741100280,satellite_images\2741100280.jpg
3172600031,satellite_images\3172600031.jpg
6645900010,satellite_images\6645900010.jpg
9407600070,satellite_images\9407600070.jpg
2113700360,satellite_images\2113700360.jpg
5175800060,satellite_images\5175800060.jpg
6067900640,satellite_images\6067900640.jpg
3629921160,satellite_images\3629921160.jpg
8562780180,satellite_images\8562780180.jpg
3448002267,satellite_images\3448002267.jpg
739980360,satellite_images\739980360.jpg
3574801310,satellite_images\3574801310.jpg
2212901130,satellite_images\2212901130.jpg
809001965,satellite_images\809001965.jpg
7694800270,satellite_images\7694800270.jpg
3225069065,satellite_images\3225069065.jpg
5014000100,satellite_images\5014000100.jpg
2738600080,satellite_images\2738600080.jpg
7215400280,satellite_images\7215400280.jpg
4222310410,satellite_images\4222310410.jpg
87000006,satellite_images\87000006.jpg
952007069,satellite_images\952007069.jpg
7851980260,satellite_images\7851980260.jpg
7961500010,satellite_images\7961500010.jpg
2919201385,satellite_images\2919201385.jpg
8901001170,satellite_images\8901001170.jpg
9530101290,satellite_images\9530101290.jpg
8029550180,satellite_images\8029550180.jpg
2781280230,satellite_images\2781280230.jpg
2660500283,satellite_images\2660500283.jpg
8682301600,satellite_images\8682301600.jpg
5592900230,satellite_images\5592900230.jpg
9478500590,satellite_images\9478500590.jpg
3901100030,satellite_images\3901100030.jpg
3205100010,satellite_images\3205100010.jpg
4178300070,satellite_images\4178300070.jpg
6140100875,satellite_images\6140100875.jpg
765000060,satellite_images\765000060.jpg
3629700030,satellite_images\3629700030.jpg
9362000080,satellite_images\9362000080.jpg
7852020720,satellite_images\7852020720.jpg
3738900035,satellite_images\3738900035.jpg
1555200180,satellite_images\1555200180.jpg
1421079007,satellite_images\1421079007.jpg
2770606685,satellite_images\2770606685.jpg
3375300150,satellite_images\3375300150.jpg
3329530480,satellite_images\3329530480.jpg
2826049091,satellite_images\2826049091.jpg
2887700140,satellite_images\2887700140.jpg
6205500580,satellite_images\6205500580.jpg
8146200150,satellite_images\8146200150.jpg
7891600165,satellite_images\7891600165.jpg
5680000750,satellite_images\5680000750.jpg
8857320120,satellite_images\8857320120.jpg
3528000545,satellite_images\3528000545.jpg
1079350020,satellite_images\1079350020.jpg
7518502490,satellite_images\7518502490.jpg
6163900032,satellite_images\6163900032.jpg
1732800865,satellite_images\1732800865.jpg
1326049130,satellite_images\1326049130.jpg
7625703637,satellite_images\7625703637.jpg
8899200110,satellite_images\8899200110.jpg
7434500127,satellite_images\7434500127.jpg
1523049188,satellite_images\1523049188.jpg
2919201335,satellite_images\2919201335.jpg
6613000715,satellite_images\6613000715.jpg
1601600167,satellite_images\1601600167.jpg
1423900580,satellite_images\1423900580.jpg
9550201495,satellite_images\9550201495.jpg
2688100071,satellite_images\2688100071.jpg
3023059012,satellite_images\3023059012.jpg
2872100385,satellite_images\2872100385.jpg
3342103282,satellite_images\3342103282.jpg
567000385,satellite_images\567000385.jpg
8018600980,satellite_images\8018600980.jpg
1338800425,satellite_images\1338800425.jpg
6204200170,satellite_images\6204200170.jpg
9482700075,satellite_images\9482700075.jpg
1822300040,satellite_images\1822300040.jpg
2770601775,satellite_images\2770601775.jpg
4402700593,satellite_images\4402700593.jpg
1839920180,satellite_images\1839920180.jpg
5016001325,satellite_images\5016001325.jpg
2473460650,satellite_images\2473460650.jpg
2202500110,satellite_images\2202500110.jpg
4178700100,satellite_images\4178700100.jpg
2558690130,satellite_images\2558690130.jpg
8856004730,satellite_images\8856004730.jpg
6668900010,satellite_images\6668900010.jpg
8682281510,satellite_images\8682281510.jpg
7920100045,satellite_images\7920100045.jpg
1446403850,satellite_images\1446403850.jpg
8732190070,satellite_images\8732190070.jpg
3422049158,satellite_images\3422049158.jpg
8850000509,satellite_images\8850000509.jpg
1324079007,satellite_images\1324079007.jpg
6400700230,satellite_images\6400700230.jpg
3438500250,satellite_images\3438500250.jpg
8732030080,satellite_images\8732030080.jpg
9206950100,satellite_images\9206950100.jpg
6143600580,satellite_images\6143600580.jpg
9103000360,satellite_images\9103000360.jpg
4307330180,satellite_images\4307330180.jpg
6388930390,satellite_images\6388930390.jpg
7000100850,satellite_images\7000100850.jpg
8864000735,satellite_images\8864000735.jpg
4218400395,satellite_images\4218400395.jpg
1862900160,satellite_images\1862900160.jpg
1443500925,satellite_images\1443500925.jpg
5486800070,satellite_images\5486800070.jpg
2767603210,satellite_images\2767603210.jpg
3374500240,satellite_images\3374500240.jpg
9828702519,satellite_images\9828702519.jpg
9264921020,satellite_images\9264921020.jpg
2622059062,satellite_images\2622059062.jpg
3329530200,satellite_images\3329530200.jpg
226109056,satellite_images\226109056.jpg
5126310110,satellite_images\5126310110.jpg
1324300398,satellite_images\1324300398.jpg
1370800825,satellite_images\1370800825.jpg
2619950740,satellite_images\2619950740.jpg
2924079044,satellite_images\2924079044.jpg
7222000393,satellite_images\7222000393.jpg
2258500049,satellite_images\2258500049.jpg
8082400100,satellite_images\8082400100.jpg
3303960060,satellite_images\3303960060.jpg
1023089019,satellite_images\1023089019.jpg
2769600480,satellite_images\2769600480.jpg
8078410280,satellite_images\8078410280.jpg
7683800205,satellite_images\7683800205.jpg
7242800020,satellite_images\7242800020.jpg
8029520250,satellite_images\8029520250.jpg
1574100025,satellite_images\1574100025.jpg
2526059076,satellite_images\2526059076.jpg
1024049024,satellite_images\1024049024.jpg
6699000610,satellite_images\6699000610.jpg
8944290200,satellite_images\8944290200.jpg
1387300070,satellite_images\1387300070.jpg
1224059049,satellite_images\1224059049.jpg
6788200931,satellite_images\6788200931.jpg
6093900280,satellite_images\6093900280.jpg
1732800310,satellite_images\1732800310.jpg
9276201190,satellite_images\9276201190.jpg
6446200190,satellite_images\6446200190.jpg
4037200735,satellite_images\4037200735.jpg
9560700010,satellite_images\9560700010.jpg
7849202299,satellite_images\7849202299.jpg
7004200060,satellite_images\7004200060.jpg
2205500355,satellite_images\2205500355.jpg
7852070090,satellite_images\7852070090.jpg
2296500131,satellite_images\2296500131.jpg
2968801105,satellite_images\2968801105.jpg
7748000025,satellite_images\7748000025.jpg
3886902445,satellite_images\3886902445.jpg
3935900232,satellite_images\3935900232.jpg
8691300900,satellite_images\8691300900.jpg
2326059082,satellite_images\2326059082.jpg
6084601060,satellite_images\6084601060.jpg
1455600030,satellite_images\1455600030.jpg
3041700035,satellite_images\3041700035.jpg
7227502075,satellite_images\7227502075.jpg
1825079005,satellite_images\1825079005.jpg
5101404482,satellite_images\5101404482.jpg
7853240100,satellite_images\7853240100.jpg
2321059093,satellite_images\2321059093.jpg
3342100160,satellite_images\3342100160.jpg
8917100020,satellite_images\8917100020.jpg
7931000066,satellite_images\7931000066.jpg
871001980,satellite_images\871001980.jpg
7399800110,satellite_images\7399800110.jpg
424049284,satellite_images\424049284.jpg
3630120700,satellite_images\3630120700.jpg
1024000100,satellite_images\1024000100.jpg
9320350130,satellite_images\9320350130.jpg
5706201930,satellite_images\5706201930.jpg
1432900310,satellite_images\1432900310.jpg
7334501440,satellite_images\7334501440.jpg
7202360350,satellite_images\7202360350.jpg
5381000477,satellite_images\5381000477.jpg
7224500375,satellite_images\7224500375.jpg
1274500240,satellite_images\1274500240.jpg
4359700080,satellite_images\4359700080.jpg
952000925,satellite_images\952000925.jpg
8728100775,satellite_images\8728100775.jpg
9523104345,satellite_images\9523104345.jpg
2770601461,satellite_images\2770601461.jpg
1231001225,satellite_images\1231001225.jpg
2838000130,satellite_images\2838000130.jpg
1473120190,satellite_images\1473120190.jpg
5451100220,satellite_images\5451100220.jpg
1021000060,satellite_images\1021000060.jpg
1566100130,satellite_images\1566100130.jpg
9275200080,satellite_images\9275200080.jpg
2781240050,satellite_images\2781240050.jpg
8946390040,satellite_images\8946390040.jpg
3575302245,satellite_images\3575302245.jpg
7853270710,satellite_images\7853270710.jpg
4310701565,satellite_images\4310701565.jpg
8731990090,satellite_images\8731990090.jpg
579000096,satellite_images\579000096.jpg
1158700135,satellite_images\1158700135.jpg
2926049564,satellite_images\2926049564.jpg
5561301280,satellite_images\5561301280.jpg
7856400240,satellite_images\7856400240.jpg
4178500150,satellite_images\4178500150.jpg
1231000510,satellite_images\1231000510.jpg
2426049174,satellite_images\2426049174.jpg
2122059198,satellite_images\2122059198.jpg
8669180390,satellite_images\8669180390.jpg
6600700030,satellite_images\6600700030.jpg
5561700340,satellite_images\5561700340.jpg
9286100300,satellite_images\9286100300.jpg
8651500710,satellite_images\8651500710.jpg
1115100278,satellite_images\1115100278.jpg
7550800015,satellite_images\7550800015.jpg
1310970380,satellite_images\1310970380.jpg
4442800040,satellite_images\4442800040.jpg
7895500290,satellite_images\7895500290.jpg
7852170370,satellite_images\7852170370.jpg
3760500435,satellite_images\3760500435.jpg
921059161,satellite_images\921059161.jpg
4222310220,satellite_images\4222310220.jpg
5468760050,satellite_images\5468760050.jpg
7640400106,satellite_images\7640400106.jpg
7853220670,satellite_images\7853220670.jpg
2622029073,satellite_images\2622029073.jpg
2323089065,satellite_images\2323089065.jpg
3299200075,satellite_images\3299200075.jpg
306000565,satellite_images\306000565.jpg
1924059029,satellite_images\1924059029.jpg
1939130070,satellite_images\1939130070.jpg
6300500476,satellite_images\6300500476.jpg
2426049125,satellite_images\2426049125.jpg
6151800330,satellite_images\6151800330.jpg
526059199,satellite_images\526059199.jpg
5468770180,satellite_images\5468770180.jpg
1926049141,satellite_images\1926049141.jpg
6190701484,satellite_images\6190701484.jpg
4221270340,satellite_images\4221270340.jpg
7937900280,satellite_images\7937900280.jpg
6056100293,satellite_images\6056100293.jpg
9407102460,satellite_images\9407102460.jpg
2730500140,satellite_images\2730500140.jpg
2215901310,satellite_images\2215901310.jpg
269000615,satellite_images\269000615.jpg
8691390770,satellite_images\8691390770.jpg
2652500225,satellite_images\2652500225.jpg
7899800860,satellite_images\7899800860.jpg
7227800660,satellite_images\7227800660.jpg
303100080,satellite_images\303100080.jpg
2256500005,satellite_images\2256500005.jpg
1794500383,satellite_images\1794500383.jpg
1607100139,satellite_images\1607100139.jpg
9274201730,satellite_images\9274201730.jpg
4123800330,satellite_images\4123800330.jpg
9465910190,satellite_images\9465910190.jpg
3626039415,satellite_images\3626039415.jpg
9541800010,satellite_images\9541800010.jpg
2141330050,satellite_images\2141330050.jpg
1795500060,satellite_images\1795500060.jpg
723039189,satellite_images\723039189.jpg
3575304017,satellite_images\3575304017.jpg
7205500120,satellite_images\7205500120.jpg
3211700035,satellite_images\3211700035.jpg
3034200410,satellite_images\3034200410.jpg
3971700670,satellite_images\3971700670.jpg
2881700273,satellite_images\2881700273.jpg
2738630040,satellite_images\2738630040.jpg
11500890,satellite_images\11500890.jpg
2141310820,satellite_images\2141310820.jpg
3521069142,satellite_images\3521069142.jpg
5705500075,satellite_images\5705500075.jpg
4139300135,satellite_images\4139300135.jpg
2426049180,satellite_images\2426049180.jpg
3013300055,satellite_images\3013300055.jpg
8731990700,satellite_images\8731990700.jpg
1088100450,satellite_images\1088100450.jpg
2597490140,satellite_images\2597490140.jpg
7385310040,satellite_images\7385310040.jpg
921059200,satellite_images\921059200.jpg
6917700195,satellite_images\6917700195.jpg
6414100192,satellite_images\6414100192.jpg
7436900045,satellite_images\7436900045.jpg
7502700060,satellite_images\7502700060.jpg
4038000040,satellite_images\4038000040.jpg
7852130720,satellite_images\7852130720.jpg
2770602360,satellite_images\2770602360.jpg
1324300290,satellite_images\1324300290.jpg
3222059187,satellite_images\3222059187.jpg
1761300100,satellite_images\1761300100.jpg
2345500010,satellite_images\2345500010.jpg
203101330,satellite_images\203101330.jpg
1795920250,satellite_images\1795920250.jpg
8856900310,satellite_images\8856900310.jpg
1022069058,satellite_images\1022069058.jpg
7889100020,satellite_images\7889100020.jpg
2473101140,satellite_images\2473101140.jpg
3824100246,satellite_images\3824100246.jpg
1521069070,satellite_images\1521069070.jpg
123039128,satellite_images\123039128.jpg
2895600350,satellite_images\2895600350.jpg
4154304505,satellite_images\4154304505.jpg
6147650430,satellite_images\6147650430.jpg
7430500415,satellite_images\7430500415.jpg
192460060,satellite_images\192460060.jpg
9567800435,satellite_images\9567800435.jpg
3226059128,satellite_images\3226059128.jpg
2922701305,satellite_images\2922701305.jpg
8122100265,satellite_images\8122100265.jpg
9185700414,satellite_images\9185700414.jpg
395300650,satellite_images\395300650.jpg
1818800289,satellite_images\1818800289.jpg
1005000062,satellite_images\1005000062.jpg
3630020090,satellite_images\3630020090.jpg
6071300030,satellite_images\6071300030.jpg
2856101755,satellite_images\2856101755.jpg
6751500285,satellite_images\6751500285.jpg
5104500020,satellite_images\5104500020.jpg
8091411120,satellite_images\8091411120.jpg
7987400285,satellite_images\7987400285.jpg
3226079091,satellite_images\3226079091.jpg
1357300240,satellite_images\1357300240.jpg
3530410081,satellite_images\3530410081.jpg
1525059074,satellite_images\1525059074.jpg
7813500040,satellite_images\7813500040.jpg
1588600177,satellite_images\1588600177.jpg
1926049398,satellite_images\1926049398.jpg
6072100140,satellite_images\6072100140.jpg
2872900390,satellite_images\2872900390.jpg
8691440410,satellite_images\8691440410.jpg
4031000260,satellite_images\4031000260.jpg
1683900040,satellite_images\1683900040.jpg
7625702155,satellite_images\7625702155.jpg
924069176,satellite_images\924069176.jpg
8024201370,satellite_images\8024201370.jpg
1023089197,satellite_images\1023089197.jpg
1338800280,satellite_images\1338800280.jpg
3869900120,satellite_images\3869900120.jpg
7135520810,satellite_images\7135520810.jpg
6303401365,satellite_images\6303401365.jpg
4045750010,satellite_images\4045750010.jpg
8564700240,satellite_images\8564700240.jpg
5053300015,satellite_images\5053300015.jpg
4037800140,satellite_images\4037800140.jpg
6825100015,satellite_images\6825100015.jpg
7100000120,satellite_images\7100000120.jpg
327000165,satellite_images\327000165.jpg
5652600069,satellite_images\5652600069.jpg
6303400460,satellite_images\6303400460.jpg
5244800895,satellite_images\5244800895.jpg
1776420150,satellite_images\1776420150.jpg
3630030290,satellite_images\3630030290.jpg
486000565,satellite_images\486000565.jpg
2464400340,satellite_images\2464400340.jpg
387000190,satellite_images\387000190.jpg
5122400025,satellite_images\5122400025.jpg
2826049160,satellite_images\2826049160.jpg
1796381070,satellite_images\1796381070.jpg
7600136,satellite_images\7600136.jpg
4077800438,satellite_images\4077800438.jpg
7571200110,satellite_images\7571200110.jpg
8127700720,satellite_images\8127700720.jpg
847100078,satellite_images\847100078.jpg
7334500120,satellite_images\7334500120.jpg
5727500561,satellite_images\5727500561.jpg
2214800110,satellite_images\2214800110.jpg
2597550090,satellite_images\2597550090.jpg
5621100115,satellite_images\5621100115.jpg
5454000010,satellite_images\5454000010.jpg
3883800011,satellite_images\3883800011.jpg
6163901382,satellite_images\6163901382.jpg
4310701421,satellite_images\4310701421.jpg
7970800100,satellite_images\7970800100.jpg
203600590,satellite_images\203600590.jpg
1085622890,satellite_images\1085622890.jpg
3584000310,satellite_images\3584000310.jpg
1702900664,satellite_images\1702900664.jpg
6738700205,satellite_images\6738700205.jpg
7202261060,satellite_images\7202261060.jpg
4039700870,satellite_images\4039700870.jpg
6190700284,satellite_images\6190700284.jpg
2767603535,satellite_images\2767603535.jpg
3226049530,satellite_images\3226049530.jpg
3277800729,satellite_images\3277800729.jpg
5252000200,satellite_images\5252000200.jpg
9407001500,satellite_images\9407001500.jpg
4136870020,satellite_images\4136870020.jpg
6414600262,satellite_images\6414600262.jpg
1895450230,satellite_images\1895450230.jpg
1432700420,satellite_images\1432700420.jpg
1760650820,satellite_images\1760650820.jpg
6979900370,satellite_images\6979900370.jpg
6679000390,satellite_images\6679000390.jpg
3955900910,satellite_images\3955900910.jpg
414100295,satellite_images\414100295.jpg
1545800640,satellite_images\1545800640.jpg
1023059108,satellite_images\1023059108.jpg
8691370330,satellite_images\8691370330.jpg
3876311490,satellite_images\3876311490.jpg
3126049439,satellite_images\3126049439.jpg
3450300020,satellite_images\3450300020.jpg
9558010090,satellite_images\9558010090.jpg
1120069036,satellite_images\1120069036.jpg
6113400047,satellite_images\6113400047.jpg
7986401205,satellite_images\7986401205.jpg
120069003,satellite_images\120069003.jpg
1088800850,satellite_images\1088800850.jpg
9266701085,satellite_images\9266701085.jpg
3448740070,satellite_images\3448740070.jpg
9834201470,satellite_images\9834201470.jpg
6762700340,satellite_images\6762700340.jpg
1657300070,satellite_images\1657300070.jpg
2623069067,satellite_images\2623069067.jpg
1176001310,satellite_images\1176001310.jpg
5214500660,satellite_images\5214500660.jpg
2591760070,satellite_images\2591760070.jpg
8682261140,satellite_images\8682261140.jpg
9274202270,satellite_images\9274202270.jpg
1974300060,satellite_images\1974300060.jpg
4302200695,satellite_images\4302200695.jpg
6300500081,satellite_images\6300500081.jpg
2767704525,satellite_images\2767704525.jpg
2028700360,satellite_images\2028700360.jpg
5379801972,satellite_images\5379801972.jpg
1330280100,satellite_images\1330280100.jpg
825079024,satellite_images\825079024.jpg
7937600395,satellite_images\7937600395.jpg
722059070,satellite_images\722059070.jpg
98000870,satellite_images\98000870.jpg
7853420480,satellite_images\7853420480.jpg
1257200060,satellite_images\1257200060.jpg
4356200120,satellite_images\4356200120.jpg
1352300520,satellite_images\1352300520.jpg
3421069020,satellite_images\3421069020.jpg
1424059142,satellite_images\1424059142.jpg
3760500475,satellite_images\3760500475.jpg
8902000201,satellite_images\8902000201.jpg
6163901433,satellite_images\6163901433.jpg
1461200020,satellite_images\1461200020.jpg
98000980,satellite_images\98000980.jpg
5648600190,satellite_images\5648600190.jpg
5127000420,satellite_images\5127000420.jpg
2621069017,satellite_images\2621069017.jpg
3204400030,satellite_images\3204400030.jpg
1438000110,satellite_images\1438000110.jpg
7345000120,satellite_images\7345000120.jpg
3449900090,satellite_images\3449900090.jpg
8062900070,satellite_images\8062900070.jpg
7660100309,satellite_images\7660100309.jpg
7893200486,satellite_images\7893200486.jpg
1072000260,satellite_images\1072000260.jpg
1545804460,satellite_images\1545804460.jpg
2916200138,satellite_images\2916200138.jpg
1336300445,satellite_images\1336300445.jpg
6632300567,satellite_images\6632300567.jpg
1336800015,satellite_images\1336800015.jpg
9297301505,satellite_images\9297301505.jpg
1523069128,satellite_images\1523069128.jpg
225039145,satellite_images\225039145.jpg
9371700085,satellite_images\9371700085.jpg
7322910030,satellite_images\7322910030.jpg
6848200221,satellite_images\6848200221.jpg
9828701747,satellite_images\9828701747.jpg
6751300255,satellite_images\6751300255.jpg
7525300260,satellite_images\7525300260.jpg
2617900035,satellite_images\2617900035.jpg
522059062,satellite_images\522059062.jpg
5103300090,satellite_images\5103300090.jpg
1402630270,satellite_images\1402630270.jpg
741500010,satellite_images\741500010.jpg
3024059078,satellite_images\3024059078.jpg
629650370,satellite_images\629650370.jpg
5335700030,satellite_images\5335700030.jpg
1592000680,satellite_images\1592000680.jpg
6071800410,satellite_images\6071800410.jpg
6661200080,satellite_images\6661200080.jpg
3432501295,satellite_images\3432501295.jpg
2817910220,satellite_images\2817910220.jpg
7576700131,satellite_images\7576700131.jpg
3343900781,satellite_images\3343900781.jpg
6793300010,satellite_images\6793300010.jpg
4189800020,satellite_images\4189800020.jpg
3760000020,satellite_images\3760000020.jpg
3625710100,satellite_images\3625710100.jpg
4022906531,satellite_images\4022906531.jpg
9144100206,satellite_images\9144100206.jpg
6140600049,satellite_images\6140600049.jpg
7228501065,satellite_images\7228501065.jpg
2770604615,satellite_images\2770604615.jpg
7460000040,satellite_images\7460000040.jpg
9828701739,satellite_images\9828701739.jpg
8691510310,satellite_images\8691510310.jpg
1245002391,satellite_images\1245002391.jpg
5694000768,satellite_images\5694000768.jpg
3013300085,satellite_images\3013300085.jpg
7779200105,satellite_images\7779200105.jpg
7172200080,satellite_images\7172200080.jpg
3528400180,satellite_images\3528400180.jpg
8581200030,satellite_images\8581200030.jpg
4302201045,satellite_images\4302201045.jpg
3278600240,satellite_images\3278600240.jpg
2050100250,satellite_images\2050100250.jpg
9477001270,satellite_images\9477001270.jpg
4322300340,satellite_images\4322300340.jpg
5631501202,satellite_images\5631501202.jpg
7954300620,satellite_images\7954300620.jpg
2024059130,satellite_images\2024059130.jpg
5317100294,satellite_images\5317100294.jpg
8731981680,satellite_images\8731981680.jpg
8024201270,satellite_images\8024201270.jpg
1432400060,satellite_images\1432400060.jpg
2344300122,satellite_images\2344300122.jpg
4022905172,satellite_images\4022905172.jpg
2902200076,satellite_images\2902200076.jpg
179001046,satellite_images\179001046.jpg
1825079070,satellite_images\1825079070.jpg
7548300441,satellite_images\7548300441.jpg
7363600185,satellite_images\7363600185.jpg
7018000560,satellite_images\7018000560.jpg
1423600300,satellite_images\1423600300.jpg
2172000285,satellite_images\2172000285.jpg
2734100738,satellite_images\2734100738.jpg
3221069035,satellite_images\3221069035.jpg
868000305,satellite_images\868000305.jpg
952003575,satellite_images\952003575.jpg
8854000410,satellite_images\8854000410.jpg
2560801222,satellite_images\2560801222.jpg
5459500100,satellite_images\5459500100.jpg
3343901183,satellite_images\3343901183.jpg
1235700073,satellite_images\1235700073.jpg
4137000110,satellite_images\4137000110.jpg
6632300478,satellite_images\6632300478.jpg
7236100025,satellite_images\7236100025.jpg
7352200100,satellite_images\7352200100.jpg
2131200885,satellite_images\2131200885.jpg
3022059066,satellite_images\3022059066.jpg
1042700250,satellite_images\1042700250.jpg
2345700500,satellite_images\2345700500.jpg
1545808120,satellite_images\1545808120.jpg
7889600685,satellite_images\7889600685.jpg
424059100,satellite_images\424059100.jpg
123039642,satellite_images\123039642.jpg
3630200900,satellite_images\3630200900.jpg
2291400236,satellite_images\2291400236.jpg
5416510710,satellite_images\5416510710.jpg
1085623250,satellite_images\1085623250.jpg
2461900945,satellite_images\2461900945.jpg
3826500020,satellite_images\3826500020.jpg
5066400564,satellite_images\5066400564.jpg
1825079018,satellite_images\1825079018.jpg
3655500030,satellite_images\3655500030.jpg
822039025,satellite_images\822039025.jpg
3558900590,satellite_images\3558900590.jpg
3971701990,satellite_images\3971701990.jpg
2591730230,satellite_images\2591730230.jpg
682000030,satellite_images\682000030.jpg
3343902510,satellite_images\3343902510.jpg
259800410,satellite_images\259800410.jpg
8651611060,satellite_images\8651611060.jpg
1862400132,satellite_images\1862400132.jpg
8945000910,satellite_images\8945000910.jpg
1330910280,satellite_images\1330910280.jpg
8929000380,satellite_images\8929000380.jpg
7855400630,satellite_images\7855400630.jpg
5145000190,satellite_images\5145000190.jpg
2919701944,satellite_images\2919701944.jpg
1023089228,satellite_images\1023089228.jpg
97600140,satellite_images\97600140.jpg
2976800700,satellite_images\2976800700.jpg
2419600005,satellite_images\2419600005.jpg
9521101015,satellite_images\9521101015.jpg
9407600250,satellite_images\9407600250.jpg
8073000585,satellite_images\8073000585.jpg
9211010900,satellite_images\9211010900.jpg
7972601030,satellite_images\7972601030.jpg
1023059430,satellite_images\1023059430.jpg
809000820,satellite_images\809000820.jpg
4101410050,satellite_images\4101410050.jpg
7789000235,satellite_images\7789000235.jpg
2141300620,satellite_images\2141300620.jpg
1422700080,satellite_images\1422700080.jpg
1840200080,satellite_images\1840200080.jpg
7305300695,satellite_images\7305300695.jpg
6187700175,satellite_images\6187700175.jpg
4310702787,satellite_images\4310702787.jpg
1338800365,satellite_images\1338800365.jpg
5487300020,satellite_images\5487300020.jpg
4321200580,satellite_images\4321200580.jpg
9477100060,satellite_images\9477100060.jpg
7853430180,satellite_images\7853430180.jpg
2710600070,satellite_images\2710600070.jpg
7853300020,satellite_images\7853300020.jpg
6844700415,satellite_images\6844700415.jpg
2525059127,satellite_images\2525059127.jpg
2064800600,satellite_images\2064800600.jpg
9557300040,satellite_images\9557300040.jpg
8651410950,satellite_images\8651410950.jpg
2231500030,satellite_images\2231500030.jpg
2085700050,satellite_images\2085700050.jpg
9286730020,satellite_images\9286730020.jpg
5318100200,satellite_images\5318100200.jpg
2171400218,satellite_images\2171400218.jpg
1782500095,satellite_images\1782500095.jpg
7852150200,satellite_images\7852150200.jpg
8880600070,satellite_images\8880600070.jpg
808300310,satellite_images\808300310.jpg
1508210100,satellite_images\1508210100.jpg
7135300275,satellite_images\7135300275.jpg
8563001070,satellite_images\8563001070.jpg
7224000545,satellite_images\7224000545.jpg
8562600260,satellite_images\8562600260.jpg
4178500300,satellite_images\4178500300.jpg
2568200130,satellite_images\2568200130.jpg
4140090420,satellite_images\4140090420.jpg
8077200470,satellite_images\8077200470.jpg
2207500880,satellite_images\2207500880.jpg
2767602141,satellite_images\2767602141.jpg
5100401429,satellite_images\5100401429.jpg
2621069066,satellite_images\2621069066.jpg
6021501635,satellite_images\6021501635.jpg
1117000050,satellite_images\1117000050.jpg
4166600473,satellite_images\4166600473.jpg
5608000700,satellite_images\5608000700.jpg
2607801120,satellite_images\2607801120.jpg
3449000200,satellite_images\3449000200.jpg
123079023,satellite_images\123079023.jpg
2826049234,satellite_images\2826049234.jpg
2767601815,satellite_images\2767601815.jpg
8550001515,satellite_images\8550001515.jpg
1954420230,satellite_images\1954420230.jpg
2883200160,satellite_images\2883200160.jpg
9518100059,satellite_images\9518100059.jpg
9211520410,satellite_images\9211520410.jpg
1139000215,satellite_images\1139000215.jpg
8961990160,satellite_images\8961990160.jpg
3121069038,satellite_images\3121069038.jpg
1042700080,satellite_images\1042700080.jpg
3276180140,satellite_images\3276180140.jpg
1822059073,satellite_images\1822059073.jpg
9523103990,satellite_images\9523103990.jpg
2215900900,satellite_images\2215900900.jpg
5459500145,satellite_images\5459500145.jpg
2970800105,satellite_images\2970800105.jpg
8943600870,satellite_images\8943600870.jpg
5152920170,satellite_images\5152920170.jpg
1931301105,satellite_images\1931301105.jpg
1795920310,satellite_images\1795920310.jpg
5112800233,satellite_images\5112800233.jpg
7853302110,satellite_images\7853302110.jpg
2607730490,satellite_images\2607730490.jpg
8669160010,satellite_images\8669160010.jpg
3066120030,satellite_images\3066120030.jpg
926069140,satellite_images\926069140.jpg
9547205225,satellite_images\9547205225.jpg
1245500730,satellite_images\1245500730.jpg
5592900020,satellite_images\5592900020.jpg
2323089009,satellite_images\2323089009.jpg
5694001061,satellite_images\5694001061.jpg
4222310290,satellite_images\4222310290.jpg
1862000010,satellite_images\1862000010.jpg
7732650120,satellite_images\7732650120.jpg
7519001068,satellite_images\7519001068.jpg
1245500286,satellite_images\1245500286.jpg
662440030,satellite_images\662440030.jpg
925059313,satellite_images\925059313.jpg
2522029136,satellite_images\2522029136.jpg
2329600280,satellite_images\2329600280.jpg
1796200140,satellite_images\1796200140.jpg
3158500130,satellite_images\3158500130.jpg
8029550160,satellite_images\8029550160.jpg
2013800095,satellite_images\2013800095.jpg
2771602425,satellite_images\2771602425.jpg
5153200666,satellite_images\5153200666.jpg
2114700090,satellite_images\2114700090.jpg
6329000380,satellite_images\6329000380.jpg
1160000115,satellite_images\1160000115.jpg
104560540,satellite_images\104560540.jpg
9578080130,satellite_images\9578080130.jpg
3450300430,satellite_images\3450300430.jpg
2115200125,satellite_images\2115200125.jpg
2768100040,satellite_images\2768100040.jpg
2023039160,satellite_images\2023039160.jpg
2624089007,satellite_images\2624089007.jpg
486000085,satellite_images\486000085.jpg
1877500005,satellite_images\1877500005.jpg
4345000490,satellite_images\4345000490.jpg
2267000160,satellite_images\2267000160.jpg
8945300110,satellite_images\8945300110.jpg
1926059155,satellite_images\1926059155.jpg
3589500260,satellite_images\3589500260.jpg
3296000110,satellite_images\3296000110.jpg
7888000390,satellite_images\7888000390.jpg
7304301231,satellite_images\7304301231.jpg
871000170,satellite_images\871000170.jpg
9900000190,satellite_images\9900000190.jpg
6178930340,satellite_images\6178930340.jpg
4435000705,satellite_images\4435000705.jpg
7334401450,satellite_images\7334401450.jpg
9221400600,satellite_images\9221400600.jpg
2771102158,satellite_images\2771102158.jpg
2114700374,satellite_images\2114700374.jpg
4307300930,satellite_images\4307300930.jpg
7853270630,satellite_images\7853270630.jpg
11200070,satellite_images\11200070.jpg
7436200040,satellite_images\7436200040.jpg
5422560850,satellite_images\5422560850.jpg
8078410210,satellite_images\8078410210.jpg
1954400500,satellite_images\1954400500.jpg
49500090,satellite_images\49500090.jpg
622100130,satellite_images\622100130.jpg
5279100680,satellite_images\5279100680.jpg
4077800455,satellite_images\4077800455.jpg
808300460,satellite_images\808300460.jpg
322059161,satellite_images\322059161.jpg
7011201306,satellite_images\7011201306.jpg
8651580310,satellite_images\8651580310.jpg
9268850360,satellite_images\9268850360.jpg
3025300226,satellite_images\3025300226.jpg
3623029045,satellite_images\3623029045.jpg
9325800110,satellite_images\9325800110.jpg
104550520,satellite_images\104550520.jpg
984200590,satellite_images\984200590.jpg
2926049449,satellite_images\2926049449.jpg
2597490750,satellite_images\2597490750.jpg
8078460550,satellite_images\8078460550.jpg
3298700946,satellite_images\3298700946.jpg
3449900030,satellite_images\3449900030.jpg
3204800150,satellite_images\3204800150.jpg
1592080060,satellite_images\1592080060.jpg
5700003221,satellite_images\5700003221.jpg
7525410190,satellite_images\7525410190.jpg
3425059141,satellite_images\3425059141.jpg
5104510120,satellite_images\5104510120.jpg
7237600130,satellite_images\7237600130.jpg
3750603732,satellite_images\3750603732.jpg
418000415,satellite_images\418000415.jpg
5102400035,satellite_images\5102400035.jpg
6061500130,satellite_images\6061500130.jpg
7349620030,satellite_images\7349620030.jpg
3449000060,satellite_images\3449000060.jpg
7853280570,satellite_images\7853280570.jpg
2397100560,satellite_images\2397100560.jpg
8062900070,satellite_images\8062900070.jpg
2723089104,satellite_images\2723089104.jpg
8859000045,satellite_images\8859000045.jpg
7283900185,satellite_images\7283900185.jpg
3797002585,satellite_images\3797002585.jpg
7454000585,satellite_images\7454000585.jpg
1868901815,satellite_images\1868901815.jpg
104530110,satellite_images\104530110.jpg
1982201345,satellite_images\1982201345.jpg
1001200050,satellite_images\1001200050.jpg
1326069050,satellite_images\1326069050.jpg
9530101385,satellite_images\9530101385.jpg
3288301050,satellite_images\3288301050.jpg
7852020640,satellite_images\7852020640.jpg
6412600005,satellite_images\6412600005.jpg
731500200,satellite_images\731500200.jpg
9542100005,satellite_images\9542100005.jpg
3582500240,satellite_images\3582500240.jpg
5437810320,satellite_images\5437810320.jpg
7802900224,satellite_images\7802900224.jpg
2826049200,satellite_images\2826049200.jpg
723049326,satellite_images\723049326.jpg
3250500140,satellite_images\3250500140.jpg
9476200650,satellite_images\9476200650.jpg
3585900150,satellite_images\3585900150.jpg
7237300610,satellite_images\7237300610.jpg
425400070,satellite_images\425400070.jpg
3905050240,satellite_images\3905050240.jpg
1494300060,satellite_images\1494300060.jpg
2872100345,satellite_images\2872100345.jpg
3782760170,satellite_images\3782760170.jpg
1310980070,satellite_images\1310980070.jpg
5438000160,satellite_images\5438000160.jpg
2824079053,satellite_images\2824079053.jpg
6840701225,satellite_images\6840701225.jpg
3629700020,satellite_images\3629700020.jpg
2313900810,satellite_images\2313900810.jpg
3083000355,satellite_images\3083000355.jpg
3425059218,satellite_images\3425059218.jpg
2473420140,satellite_images\2473420140.jpg
8078520090,satellite_images\8078520090.jpg
6843600040,satellite_images\6843600040.jpg
5035300090,satellite_images\5035300090.jpg
1624079057,satellite_images\1624079057.jpg
3025300250,satellite_images\3025300250.jpg
2658000373,satellite_images\2658000373.jpg
7577700136,satellite_images\7577700136.jpg
325059277,satellite_images\325059277.jpg
6145600780,satellite_images\6145600780.jpg
7852170570,satellite_images\7852170570.jpg
726049131,satellite_images\726049131.jpg
1402650360,satellite_images\1402650360.jpg
9831200172,satellite_images\9831200172.jpg
7905380380,satellite_images\7905380380.jpg
5101400934,satellite_images\5101400934.jpg
9478550110,satellite_images\9478550110.jpg
192700080,satellite_images\192700080.jpg
3394100030,satellite_images\3394100030.jpg
2878601425,satellite_images\2878601425.jpg
1737320060,satellite_images\1737320060.jpg
3826500470,satellite_images\3826500470.jpg
1797500600,satellite_images\1797500600.jpg
8122100130,satellite_images\8122100130.jpg
3579000010,satellite_images\3579000010.jpg
1626079012,satellite_images\1626079012.jpg
2351800065,satellite_images\2351800065.jpg
9268851800,satellite_images\9268851800.jpg
5016001060,satellite_images\5016001060.jpg
2423069155,satellite_images\2423069155.jpg
3410600015,satellite_images\3410600015.jpg
5693501028,satellite_images\5693501028.jpg
1829700080,satellite_images\1829700080.jpg
6150200330,satellite_images\6150200330.jpg
3362400094,satellite_images\3362400094.jpg
2426059124,satellite_images\2426059124.jpg
6600000330,satellite_images\6600000330.jpg
236400260,satellite_images\236400260.jpg
3336000626,satellite_images\3336000626.jpg
4402700070,satellite_images\4402700070.jpg
7017200110,satellite_images\7017200110.jpg
3384300160,satellite_images\3384300160.jpg
59500050,satellite_images\59500050.jpg
5381000411,satellite_images\5381000411.jpg
2487200775,satellite_images\2487200775.jpg
3935900005,satellite_images\3935900005.jpg
2461900175,satellite_images\2461900175.jpg
3904921100,satellite_images\3904921100.jpg
3274800460,satellite_images\3274800460.jpg
1771100240,satellite_images\1771100240.jpg
3574770100,satellite_images\3574770100.jpg
5589300145,satellite_images\5589300145.jpg
3760500280,satellite_images\3760500280.jpg
1180008370,satellite_images\1180008370.jpg
1951500030,satellite_images\1951500030.jpg
5412100920,satellite_images\5412100920.jpg
7203600750,satellite_images\7203600750.jpg
121039083,satellite_images\121039083.jpg
4217401240,satellite_images\4217401240.jpg
8100400170,satellite_images\8100400170.jpg
6926700225,satellite_images\6926700225.jpg
9194102188,satellite_images\9194102188.jpg
5611500140,satellite_images\5611500140.jpg
293620180,satellite_images\293620180.jpg
1311200380,satellite_images\1311200380.jpg
9526600090,satellite_images\9526600090.jpg
1402200440,satellite_images\1402200440.jpg
4449800345,satellite_images\4449800345.jpg
3623059101,satellite_images\3623059101.jpg
4019301160,satellite_images\4019301160.jpg
3066400130,satellite_images\3066400130.jpg
3024059149,satellite_images\3024059149.jpg
3353401070,satellite_images\3353401070.jpg
1828000050,satellite_images\1828000050.jpg
3530530110,satellite_images\3530530110.jpg
282500010,satellite_images\282500010.jpg
7574910860,satellite_images\7574910860.jpg
4057300170,satellite_images\4057300170.jpg
3180100023,satellite_images\3180100023.jpg
6448600060,satellite_images\6448600060.jpg
5126400150,satellite_images\5126400150.jpg
723000226,satellite_images\723000226.jpg
3935900093,satellite_images\3935900093.jpg
886000090,satellite_images\886000090.jpg
3235390100,satellite_images\3235390100.jpg
6190701112,satellite_images\6190701112.jpg
3023069166,satellite_images\3023069166.jpg
2154900330,satellite_images\2154900330.jpg
923049110,satellite_images\923049110.jpg
4397650160,satellite_images\4397650160.jpg
5153900080,satellite_images\5153900080.jpg
9510300130,satellite_images\9510300130.jpg
6450300673,satellite_images\6450300673.jpg
1775910460,satellite_images\1775910460.jpg
2591720070,satellite_images\2591720070.jpg
3756500610,satellite_images\3756500610.jpg
2212600040,satellite_images\2212600040.jpg
4315700390,satellite_images\4315700390.jpg
5101404563,satellite_images\5101404563.jpg
3331500820,satellite_images\3331500820.jpg
121039156,satellite_images\121039156.jpg
1853080180,satellite_images\1853080180.jpg
2485000202,satellite_images\2485000202.jpg
3751606513,satellite_images\3751606513.jpg
6116500028,satellite_images\6116500028.jpg
6056100150,satellite_images\6056100150.jpg
121059147,satellite_images\121059147.jpg
2402100575,satellite_images\2402100575.jpg
2804100095,satellite_images\2804100095.jpg
952003585,satellite_images\952003585.jpg
8562501040,satellite_images\8562501040.jpg
3210950510,satellite_images\3210950510.jpg
7305300045,satellite_images\7305300045.jpg
3362401815,satellite_images\3362401815.jpg
3395041206,satellite_images\3395041206.jpg
1370801585,satellite_images\1370801585.jpg
7960100030,satellite_images\7960100030.jpg
1922059027,satellite_images\1922059027.jpg
2755200090,satellite_images\2755200090.jpg
798000457,satellite_images\798000457.jpg
3031200165,satellite_images\3031200165.jpg
2213000030,satellite_images\2213000030.jpg
2523069156,satellite_images\2523069156.jpg
7689600650,satellite_images\7689600650.jpg
4365200055,satellite_images\4365200055.jpg
475001235,satellite_images\475001235.jpg
5569620050,satellite_images\5569620050.jpg
1726069198,satellite_images\1726069198.jpg
9136100056,satellite_images\9136100056.jpg
6821600065,satellite_images\6821600065.jpg
2891000010,satellite_images\2891000010.jpg
2895810200,satellite_images\2895810200.jpg
2394600157,satellite_images\2394600157.jpg
5634500170,satellite_images\5634500170.jpg
8857640410,satellite_images\8857640410.jpg
7519000585,satellite_images\7519000585.jpg
7967950040,satellite_images\7967950040.jpg
1624049293,satellite_images\1624049293.jpg
8732130940,satellite_images\8732130940.jpg
98030400,satellite_images\98030400.jpg
5116060030,satellite_images\5116060030.jpg
9324300030,satellite_images\9324300030.jpg
4232401265,satellite_images\4232401265.jpg
5104510130,satellite_images\5104510130.jpg
4337600005,satellite_images\4337600005.jpg
8562850150,satellite_images\8562850150.jpg
3375300370,satellite_images\3375300370.jpg
7779200075,satellite_images\7779200075.jpg
6071000265,satellite_images\6071000265.jpg
3972300169,satellite_images\3972300169.jpg
7202260330,satellite_images\7202260330.jpg
5101408889,satellite_images\5101408889.jpg
7642200095,satellite_images\7642200095.jpg
710300010,satellite_images\710300010.jpg
5100402644,satellite_images\5100402644.jpg
723049156,satellite_images\723049156.jpg
7504010560,satellite_images\7504010560.jpg
6189200345,satellite_images\6189200345.jpg
425069147,satellite_images\425069147.jpg
7312900060,satellite_images\7312900060.jpg
2205700470,satellite_images\2205700470.jpg
3395040550,satellite_images\3395040550.jpg
7405700015,satellite_images\7405700015.jpg
8944300110,satellite_images\8944300110.jpg
1217000340,satellite_images\1217000340.jpg
1085623560,satellite_images\1085623560.jpg
8682281220,satellite_images\8682281220.jpg
6403510090,satellite_images\6403510090.jpg
2781230070,satellite_images\2781230070.jpg
1860600840,satellite_images\1860600840.jpg
4310702858,satellite_images\4310702858.jpg
4046710050,satellite_images\4046710050.jpg
6979910120,satellite_images\6979910120.jpg
2420069017,satellite_images\2420069017.jpg
6127010670,satellite_images\6127010670.jpg
9269200540,satellite_images\9269200540.jpg
9358400080,satellite_images\9358400080.jpg
7170200085,satellite_images\7170200085.jpg
390100060,satellite_images\390100060.jpg
3992700048,satellite_images\3992700048.jpg
8643200061,satellite_images\8643200061.jpg
2824069373,satellite_images\2824069373.jpg
6820100010,satellite_images\6820100010.jpg
705730280,satellite_images\705730280.jpg
2214800730,satellite_images\2214800730.jpg
826059152,satellite_images\826059152.jpg
7968460110,satellite_images\7968460110.jpg
203600600,satellite_images\203600600.jpg
3949600090,satellite_images\3949600090.jpg
2767604247,satellite_images\2767604247.jpg
822059101,satellite_images\822059101.jpg
5016001535,satellite_images\5016001535.jpg
9297301055,satellite_images\9297301055.jpg
1771000290,satellite_images\1771000290.jpg
2742100152,satellite_images\2742100152.jpg
6150200060,satellite_images\6150200060.jpg
3810000465,satellite_images\3810000465.jpg
8562901010,satellite_images\8562901010.jpg
2330000130,satellite_images\2330000130.jpg
7635801321,satellite_images\7635801321.jpg
8589100090,satellite_images\8589100090.jpg
4083800340,satellite_images\4083800340.jpg
723099028,satellite_images\723099028.jpg
7936500190,satellite_images\7936500190.jpg
422000010,satellite_images\422000010.jpg
241900160,satellite_images\241900160.jpg
3546000340,satellite_images\3546000340.jpg
3359500755,satellite_images\3359500755.jpg
293720180,satellite_images\293720180.jpg
1725059330,satellite_images\1725059330.jpg
5556800150,satellite_images\5556800150.jpg
7215720420,satellite_images\7215720420.jpg
6052400625,satellite_images\6052400625.jpg
7972600430,satellite_images\7972600430.jpg
2025700200,satellite_images\2025700200.jpg
2122059216,satellite_images\2122059216.jpg
9285800020,satellite_images\9285800020.jpg
8565900160,satellite_images\8565900160.jpg
1330900050,satellite_images\1330900050.jpg
4046400440,satellite_images\4046400440.jpg
9297301580,satellite_images\9297301580.jpg
6430500291,satellite_images\6430500291.jpg
3524039196,satellite_images\3524039196.jpg
5602000105,satellite_images\5602000105.jpg
4022900571,satellite_images\4022900571.jpg
4109600195,satellite_images\4109600195.jpg
2769601250,satellite_images\2769601250.jpg
3432500980,satellite_images\3432500980.jpg
8807810660,satellite_images\8807810660.jpg
7578200025,satellite_images\7578200025.jpg
1355000220,satellite_images\1355000220.jpg
6300500105,satellite_images\6300500105.jpg
6601200250,satellite_images\6601200250.jpg
2222059154,satellite_images\2222059154.jpg
6119700150,satellite_images\6119700150.jpg
7519000471,satellite_images\7519000471.jpg
1823049178,satellite_images\1823049178.jpg
740500070,satellite_images\740500070.jpg
3046200125,satellite_images\3046200125.jpg
9485940290,satellite_images\9485940290.jpg
4012800050,satellite_images\4012800050.jpg
8944750730,satellite_images\8944750730.jpg
8682261010,satellite_images\8682261010.jpg
5015001680,satellite_images\5015001680.jpg
1826049430,satellite_images\1826049430.jpg
6641020050,satellite_images\6641020050.jpg
3221069057,satellite_images\3221069057.jpg
7922900380,satellite_images\7922900380.jpg
6073200075,satellite_images\6073200075.jpg
3885801190,satellite_images\3885801190.jpg
2781270080,satellite_images\2781270080.jpg
7215730590,satellite_images\7215730590.jpg
546000020,satellite_images\546000020.jpg
8731960540,satellite_images\8731960540.jpg
1180003435,satellite_images\1180003435.jpg
2822069078,satellite_images\2822069078.jpg
7856610200,satellite_images\7856610200.jpg
3110800030,satellite_images\3110800030.jpg
2460700260,satellite_images\2460700260.jpg
272000355,satellite_images\272000355.jpg
9432900040,satellite_images\9432900040.jpg
5062300280,satellite_images\5062300280.jpg
7519000570,satellite_images\7519000570.jpg
5029451080,satellite_images\5029451080.jpg
6795100330,satellite_images\6795100330.jpg
3303980210,satellite_images\3303980210.jpg
7159200040,satellite_images\7159200040.jpg
2594200566,satellite_images\2594200566.jpg
7010700550,satellite_images\7010700550.jpg
4123800180,satellite_images\4123800180.jpg
7852030330,satellite_images\7852030330.jpg
8568030030,satellite_images\8568030030.jpg
1446400725,satellite_images\1446400725.jpg
8645530010,satellite_images\8645530010.jpg
3528900980,satellite_images\3528900980.jpg
3176600055,satellite_images\3176600055.jpg
9475200030,satellite_images\9475200030.jpg
8649900160,satellite_images\8649900160.jpg
3760500455,satellite_images\3760500455.jpg
7430200100,satellite_images\7430200100.jpg
2412600030,satellite_images\2412600030.jpg
1402600700,satellite_images\1402600700.jpg
9834200925,satellite_images\9834200925.jpg
1498301213,satellite_images\1498301213.jpg
9322800210,satellite_images\9322800210.jpg
8642600170,satellite_images\8642600170.jpg
2026049155,satellite_images\2026049155.jpg
303000220,satellite_images\303000220.jpg
3274850130,satellite_images\3274850130.jpg
3423049165,satellite_images\3423049165.jpg
3518000180,satellite_images\3518000180.jpg
2558660190,satellite_images\2558660190.jpg
524069019,satellite_images\524069019.jpg
705700210,satellite_images\705700210.jpg
4058802255,satellite_images\4058802255.jpg
1395500020,satellite_images\1395500020.jpg
2968800660,satellite_images\2968800660.jpg
9527310110,satellite_images\9527310110.jpg
7568700740,satellite_images\7568700740.jpg
7214700830,satellite_images\7214700830.jpg
9238901420,satellite_images\9238901420.jpg
7298900010,satellite_images\7298900010.jpg
6918100170,satellite_images\6918100170.jpg
5003600080,satellite_images\5003600080.jpg
2895800390,satellite_images\2895800390.jpg
8929000330,satellite_images\8929000330.jpg
2424039029,satellite_images\2424039029.jpg
3814701090,satellite_images\3814701090.jpg
7902200015,satellite_images\7902200015.jpg
2141310540,satellite_images\2141310540.jpg
9475710060,satellite_images\9475710060.jpg
3216000090,satellite_images\3216000090.jpg
6821100090,satellite_images\6821100090.jpg
3425059222,satellite_images\3425059222.jpg
1922059278,satellite_images\1922059278.jpg
8691500990,satellite_images\8691500990.jpg
3584800010,satellite_images\3584800010.jpg
9238900850,satellite_images\9238900850.jpg
2126059276,satellite_images\2126059276.jpg
9273200145,satellite_images\9273200145.jpg
1854900410,satellite_images\1854900410.jpg
9828702518,satellite_images\9828702518.jpg
4006000281,satellite_images\4006000281.jpg
7972600860,satellite_images\7972600860.jpg
1232002015,satellite_images\1232002015.jpg
7752200100,satellite_images\7752200100.jpg
6430500238,satellite_images\6430500238.jpg
5101404491,satellite_images\5101404491.jpg
5417600130,satellite_images\5417600130.jpg
3361400980,satellite_images\3361400980.jpg
6403510410,satellite_images\6403510410.jpg
4167300030,satellite_images\4167300030.jpg
3288300920,satellite_images\3288300920.jpg
6204420180,satellite_images\6204420180.jpg
6817750110,satellite_images\6817750110.jpg
1504800050,satellite_images\1504800050.jpg
3630120960,satellite_images\3630120960.jpg
9264920620,satellite_images\9264920620.jpg
1745100140,satellite_images\1745100140.jpg
2887700805,satellite_images\2887700805.jpg
8096800500,satellite_images\8096800500.jpg
713500020,satellite_images\713500020.jpg
2325300093,satellite_images\2325300093.jpg
3034200543,satellite_images\3034200543.jpg
1370802600,satellite_images\1370802600.jpg
5522600205,satellite_images\5522600205.jpg
3352400325,satellite_images\3352400325.jpg
3521069150,satellite_images\3521069150.jpg
5458800330,satellite_images\5458800330.jpg
5152960350,satellite_images\5152960350.jpg
524059052,satellite_images\524059052.jpg
1781500155,satellite_images\1781500155.jpg
5437200080,satellite_images\5437200080.jpg
8563000770,satellite_images\8563000770.jpg
3356403140,satellite_images\3356403140.jpg
3826000550,satellite_images\3826000550.jpg
4249000100,satellite_images\4249000100.jpg
8079010220,satellite_images\8079010220.jpg
8651100140,satellite_images\8651100140.jpg
6082400260,satellite_images\6082400260.jpg
2481610170,satellite_images\2481610170.jpg
2061100265,satellite_images\2061100265.jpg
3528000260,satellite_images\3528000260.jpg
3125079013,satellite_images\3125079013.jpg
3679400484,satellite_images\3679400484.jpg
6163901283,satellite_images\6163901283.jpg
3325069129,satellite_images\3325069129.jpg
98020310,satellite_images\98020310.jpg
6370000070,satellite_images\6370000070.jpg
2070100040,satellite_images\2070100040.jpg
1900600040,satellite_images\1900600040.jpg
5652600427,satellite_images\5652600427.jpg
7691800020,satellite_images\7691800020.jpg
9406500600,satellite_images\9406500600.jpg
3343902281,satellite_images\3343902281.jpg
5470100090,satellite_images\5470100090.jpg
3332000135,satellite_images\3332000135.jpg
2794700120,satellite_images\2794700120.jpg
7211400525,satellite_images\7211400525.jpg
8951900065,satellite_images\8951900065.jpg
8078050140,satellite_images\8078050140.jpg
3644100086,satellite_images\3644100086.jpg
2026049326,satellite_images\2026049326.jpg
2767602945,satellite_images\2767602945.jpg
2154900040,satellite_images\2154900040.jpg
9430100360,satellite_images\9430100360.jpg
600000152,satellite_images\600000152.jpg
518500480,satellite_images\518500480.jpg
3630120330,satellite_images\3630120330.jpg
2215901840,satellite_images\2215901840.jpg
251200200,satellite_images\251200200.jpg
789000520,satellite_images\789000520.jpg
8682230400,satellite_images\8682230400.jpg
3330500075,satellite_images\3330500075.jpg
7697920150,satellite_images\7697920150.jpg
889000025,satellite_images\889000025.jpg
1250201165,satellite_images\1250201165.jpg
4178600100,satellite_images\4178600100.jpg
9822700285,satellite_images\9822700285.jpg
4047200380,satellite_images\4047200380.jpg
1105000787,satellite_images\1105000787.jpg
7812801115,satellite_images\7812801115.jpg
1338800430,satellite_images\1338800430.jpg
5379806155,satellite_images\5379806155.jpg
7855800730,satellite_images\7855800730.jpg
114101500,satellite_images\114101500.jpg
9365700385,satellite_images\9365700385.jpg
7518502960,satellite_images\7518502960.jpg
6021503707,satellite_images\6021503707.jpg
3764650050,satellite_images\3764650050.jpg
7575610250,satellite_images\7575610250.jpg
7549801385,satellite_images\7549801385.jpg
3009800015,satellite_images\3009800015.jpg
8952900245,satellite_images\8952900245.jpg
425069104,satellite_images\425069104.jpg
1159100100,satellite_images\1159100100.jpg
2655500235,satellite_images\2655500235.jpg
8651510420,satellite_images\8651510420.jpg
2968800010,satellite_images\2968800010.jpg
5045700330,satellite_images\5045700330.jpg
5700001640,satellite_images\5700001640.jpg
3629970240,satellite_images\3629970240.jpg
7849201020,satellite_images\7849201020.jpg
3586500630,satellite_images\3586500630.jpg
7980900011,satellite_images\7980900011.jpg
2591800530,satellite_images\2591800530.jpg
3262300940,satellite_images\3262300940.jpg
4099100210,satellite_images\4099100210.jpg
6141100038,satellite_images\6141100038.jpg
2722059010,satellite_images\2722059010.jpg
9353300820,satellite_images\9353300820.jpg
6388930170,satellite_images\6388930170.jpg
1221000490,satellite_images\1221000490.jpg
2193340120,satellite_images\2193340120.jpg
8568000070,satellite_images\8568000070.jpg
4397010300,satellite_images\4397010300.jpg
4137070030,satellite_images\4137070030.jpg
3585900430,satellite_images\3585900430.jpg
8682310470,satellite_images\8682310470.jpg
1326059182,satellite_images\1326059182.jpg
1072000240,satellite_images\1072000240.jpg
520700125,satellite_images\520700125.jpg
5076700115,satellite_images\5076700115.jpg
4022906430,satellite_images\4022906430.jpg
9544700500,satellite_images\9544700500.jpg
9828702890,satellite_images\9828702890.jpg
6065300370,satellite_images\6065300370.jpg
8860300220,satellite_images\8860300220.jpg
3056000050,satellite_images\3056000050.jpg
2215450060,satellite_images\2215450060.jpg
4137050060,satellite_images\4137050060.jpg
926069009,satellite_images\926069009.jpg
1121059030,satellite_images\1121059030.jpg
7694800070,satellite_images\7694800070.jpg
1186000095,satellite_images\1186000095.jpg
6821101285,satellite_images\6821101285.jpg
8712100435,satellite_images\8712100435.jpg
8146100410,satellite_images\8146100410.jpg
5631500868,satellite_images\5631500868.jpg
859000110,satellite_images\859000110.jpg
3767300041,satellite_images\3767300041.jpg
2306400010,satellite_images\2306400010.jpg
1896700080,satellite_images\1896700080.jpg
7435500085,satellite_images\7435500085.jpg
6837700005,satellite_images\6837700005.jpg
5072200040,satellite_images\5072200040.jpg
3275790140,satellite_images\3275790140.jpg
6821102367,satellite_images\6821102367.jpg
7657000210,satellite_images\7657000210.jpg
3818400050,satellite_images\3818400050.jpg
6126601380,satellite_images\6126601380.jpg
1425059178,satellite_images\1425059178.jpg
710600070,satellite_images\710600070.jpg
8099900490,satellite_images\8099900490.jpg
3423059177,satellite_images\3423059177.jpg
7129302806,satellite_images\7129302806.jpg
7211400760,satellite_images\7211400760.jpg
2420069003,satellite_images\2420069003.jpg
1502400300,satellite_images\1502400300.jpg
2190601049,satellite_images\2190601049.jpg
1823069287,satellite_images\1823069287.jpg
7960100120,satellite_images\7960100120.jpg
8691330130,satellite_images\8691330130.jpg
6664500090,satellite_images\6664500090.jpg
8648210050,satellite_images\8648210050.jpg
1397300120,satellite_images\1397300120.jpg
3080000005,satellite_images\3080000005.jpg
1829300130,satellite_images\1829300130.jpg
8001450060,satellite_images\8001450060.jpg
7284900460,satellite_images\7284900460.jpg
1221039058,satellite_images\1221039058.jpg
7885800160,satellite_images\7885800160.jpg
5561000430,satellite_images\5561000430.jpg
4375700065,satellite_images\4375700065.jpg
9269260240,satellite_images\9269260240.jpg
7203140110,satellite_images\7203140110.jpg
8029650040,satellite_images\8029650040.jpg
1954420420,satellite_images\1954420420.jpg
1732801150,satellite_images\1732801150.jpg
3578400950,satellite_images\3578400950.jpg
3811000180,satellite_images\3811000180.jpg
9353301070,satellite_images\9353301070.jpg
7338220160,satellite_images\7338220160.jpg
7625700305,satellite_images\7625700305.jpg
6204050160,satellite_images\6204050160.jpg
9510860840,satellite_images\9510860840.jpg
9284802215,satellite_images\9284802215.jpg
6392001810,satellite_images\6392001810.jpg
2481630030,satellite_images\2481630030.jpg
3131201320,satellite_images\3131201320.jpg
5416100190,satellite_images\5416100190.jpg
1726059134,satellite_images\1726059134.jpg
2927600435,satellite_images\2927600435.jpg
2632000080,satellite_images\2632000080.jpg
8045000340,satellite_images\8045000340.jpg
1524039043,satellite_images\1524039043.jpg
2624079028,satellite_images\2624079028.jpg
2868300061,satellite_images\2868300061.jpg
6392003490,satellite_images\6392003490.jpg
6662410250,satellite_images\6662410250.jpg
3339400515,satellite_images\3339400515.jpg
1231000458,satellite_images\1231000458.jpg
8079030390,satellite_images\8079030390.jpg
7524950870,satellite_images\7524950870.jpg
8943600430,satellite_images\8943600430.jpg
1823099028,satellite_images\1823099028.jpg
7852100110,satellite_images\7852100110.jpg
7202330190,satellite_images\7202330190.jpg
2239800070,satellite_images\2239800070.jpg
7212680020,satellite_images\7212680020.jpg
826000480,satellite_images\826000480.jpg
7857004225,satellite_images\7857004225.jpg
8725950170,satellite_images\8725950170.jpg
9218400050,satellite_images\9218400050.jpg
2558650200,satellite_images\2558650200.jpg
5112800190,satellite_images\5112800190.jpg
7199330480,satellite_images\7199330480.jpg
2025700430,satellite_images\2025700430.jpg
226039316,satellite_images\226039316.jpg
13002495,satellite_images\13002495.jpg
1934800142,satellite_images\1934800142.jpg
7939000090,satellite_images\7939000090.jpg
7203140180,satellite_images\7203140180.jpg
4024101478,satellite_images\4024101478.jpg
795000765,satellite_images\795000765.jpg
3876300080,satellite_images\3876300080.jpg
114100745,satellite_images\114100745.jpg
325059286,satellite_images\325059286.jpg
868002335,satellite_images\868002335.jpg
3579000370,satellite_images\3579000370.jpg
825059271,satellite_images\825059271.jpg
3260590070,satellite_images\3260590070.jpg
705730180,satellite_images\705730180.jpg
2110200036,satellite_images\2110200036.jpg
3390600010,satellite_images\3390600010.jpg
7931000053,satellite_images\7931000053.jpg
254000241,satellite_images\254000241.jpg
9468200125,satellite_images\9468200125.jpg
2922700155,satellite_images\2922700155.jpg
3448001285,satellite_images\3448001285.jpg
7856640460,satellite_images\7856640460.jpg
259600050,satellite_images\259600050.jpg
6099400140,satellite_images\6099400140.jpg
2581900284,satellite_images\2581900284.jpg
7533800295,satellite_images\7533800295.jpg
6647200060,satellite_images\6647200060.jpg
7131300063,satellite_images\7131300063.jpg
2473100635,satellite_images\2473100635.jpg
1073100030,satellite_images\1073100030.jpg
345700340,satellite_images\345700340.jpg
1328330510,satellite_images\1328330510.jpg
7625701386,satellite_images\7625701386.jpg
5589300361,satellite_images\5589300361.jpg
3131201290,satellite_images\3131201290.jpg
7853360250,satellite_images\7853360250.jpg
7128300060,satellite_images\7128300060.jpg
323079065,satellite_images\323079065.jpg
2790400380,satellite_images\2790400380.jpg
9161100075,satellite_images\9161100075.jpg
1126049053,satellite_images\1126049053.jpg
5101406536,satellite_images\5101406536.jpg
7696630170,satellite_images\7696630170.jpg
7237500590,satellite_images\7237500590.jpg
6072760210,satellite_images\6072760210.jpg
3275850180,satellite_images\3275850180.jpg
2597531030,satellite_images\2597531030.jpg
6822100050,satellite_images\6822100050.jpg
9201000610,satellite_images\9201000610.jpg
3260350100,satellite_images\3260350100.jpg
5710500230,satellite_images\5710500230.jpg
8663280160,satellite_images\8663280160.jpg
5450900060,satellite_images\5450900060.jpg
104550750,satellite_images\104550750.jpg
9498200091,satellite_images\9498200091.jpg
7010700110,satellite_images\7010700110.jpg
1450100390,satellite_images\1450100390.jpg
9276200220,satellite_images\9276200220.jpg
2741100741,satellite_images\2741100741.jpg
1523059100,satellite_images\1523059100.jpg
6817801150,satellite_images\6817801150.jpg
2597531110,satellite_images\2597531110.jpg
565300110,satellite_images\565300110.jpg
6821102100,satellite_images\6821102100.jpg
8035600590,satellite_images\8035600590.jpg
7701960130,satellite_images\7701960130.jpg
1074100110,satellite_images\1074100110.jpg
2473001210,satellite_images\2473001210.jpg
3996900555,satellite_images\3996900555.jpg
221049191,satellite_images\221049191.jpg
1324039110,satellite_images\1324039110.jpg
720079001,satellite_images\720079001.jpg
1311800130,satellite_images\1311800130.jpg
5315100476,satellite_images\5315100476.jpg
3840700600,satellite_images\3840700600.jpg
7811200310,satellite_images\7811200310.jpg
7942600006,satellite_images\7942600006.jpg
9477201040,satellite_images\9477201040.jpg
9553200052,satellite_images\9553200052.jpg
7199360090,satellite_images\7199360090.jpg
7932000078,satellite_images\7932000078.jpg
6600490250,satellite_images\6600490250.jpg
3328500250,satellite_images\3328500250.jpg
7889601300,satellite_images\7889601300.jpg
1721059218,satellite_images\1721059218.jpg
5667100025,satellite_images\5667100025.jpg
1806900499,satellite_images\1806900499.jpg
2202500150,satellite_images\2202500150.jpg
8605900060,satellite_images\8605900060.jpg
7853300970,satellite_images\7853300970.jpg
4140930110,satellite_images\4140930110.jpg
9809000020,satellite_images\9809000020.jpg
7199330130,satellite_images\7199330130.jpg
3276930420,satellite_images\3276930420.jpg
9826701735,satellite_images\9826701735.jpg
1105000015,satellite_images\1105000015.jpg
6414100231,satellite_images\6414100231.jpg
3185600055,satellite_images\3185600055.jpg
142000165,satellite_images\142000165.jpg
3522029031,satellite_images\3522029031.jpg
7972604345,satellite_images\7972604345.jpg
2525310220,satellite_images\2525310220.jpg
7852090680,satellite_images\7852090680.jpg
6815100380,satellite_images\6815100380.jpg
2426059097,satellite_images\2426059097.jpg
731500320,satellite_images\731500320.jpg
9178601660,satellite_images\9178601660.jpg
7923100410,satellite_images\7923100410.jpg
1373800330,satellite_images\1373800330.jpg
2413910190,satellite_images\2413910190.jpg
3459000050,satellite_images\3459000050.jpg
3578401060,satellite_images\3578401060.jpg
1950900245,satellite_images\1950900245.jpg
3897100275,satellite_images\3897100275.jpg
7504001430,satellite_images\7504001430.jpg
6814600355,satellite_images\6814600355.jpg
5145000130,satellite_images\5145000130.jpg
3577000116,satellite_images\3577000116.jpg
1854900240,satellite_images\1854900240.jpg
2473350790,satellite_images\2473350790.jpg
5414100040,satellite_images\5414100040.jpg
5104510490,satellite_images\5104510490.jpg
2024059094,satellite_images\2024059094.jpg
8011100005,satellite_images\8011100005.jpg
425000230,satellite_images\425000230.jpg
3449500035,satellite_images\3449500035.jpg
3832310350,satellite_images\3832310350.jpg
3904100106,satellite_images\3904100106.jpg
3383900058,satellite_images\3383900058.jpg
7283900153,satellite_images\7283900153.jpg
2254501342,satellite_images\2254501342.jpg
8651402700,satellite_images\8651402700.jpg
4307350450,satellite_images\4307350450.jpg
7977201240,satellite_images\7977201240.jpg
2880100795,satellite_images\2880100795.jpg
7853270200,satellite_images\7853270200.jpg
5419000050,satellite_images\5419000050.jpg
3359500665,satellite_images\3359500665.jpg
3125079062,satellite_images\3125079062.jpg
1139000072,satellite_images\1139000072.jpg
2025700790,satellite_images\2025700790.jpg
522079068,satellite_images\522079068.jpg
4099100260,satellite_images\4099100260.jpg
1085610030,satellite_images\1085610030.jpg
6777800150,satellite_images\6777800150.jpg
7203100660,satellite_images\7203100660.jpg
2685600090,satellite_images\2685600090.jpg
2354300835,satellite_images\2354300835.jpg
7696630080,satellite_images\7696630080.jpg
4017050820,satellite_images\4017050820.jpg
7202340960,satellite_images\7202340960.jpg
3818400110,satellite_images\3818400110.jpg
2112700185,satellite_images\2112700185.jpg
2517000600,satellite_images\2517000600.jpg
6600220080,satellite_images\6600220080.jpg
126059097,satellite_images\126059097.jpg
8078490330,satellite_images\8078490330.jpg
2789000120,satellite_images\2789000120.jpg
4113800300,satellite_images\4113800300.jpg
5153900150,satellite_images\5153900150.jpg
3876000350,satellite_images\3876000350.jpg
2856100250,satellite_images\2856100250.jpg
9828701565,satellite_images\9828701565.jpg
5014000215,satellite_images\5014000215.jpg
826069180,satellite_images\826069180.jpg
2125049024,satellite_images\2125049024.jpg
2678100005,satellite_images\2678100005.jpg
8078100120,satellite_images\8078100120.jpg
6021503830,satellite_images\6021503830.jpg
8691330500,satellite_images\8691330500.jpg
7549802030,satellite_images\7549802030.jpg
7172200125,satellite_images\7172200125.jpg
7941600220,satellite_images\7941600220.jpg
8887001140,satellite_images\8887001140.jpg
821079102,satellite_images\821079102.jpg
4031000250,satellite_images\4031000250.jpg
6056100114,satellite_images\6056100114.jpg
1790000080,satellite_images\1790000080.jpg
3449820100,satellite_images\3449820100.jpg
7299600130,satellite_images\7299600130.jpg
984000710,satellite_images\984000710.jpg
2207100405,satellite_images\2207100405.jpg
2221000070,satellite_images\2221000070.jpg
6042000090,satellite_images\6042000090.jpg
705700960,satellite_images\705700960.jpg
4040200490,satellite_images\4040200490.jpg
2922703235,satellite_images\2922703235.jpg
6696800030,satellite_images\6696800030.jpg
1877500090,satellite_images\1877500090.jpg
1331900020,satellite_images\1331900020.jpg
4365200555,satellite_images\4365200555.jpg
2838000030,satellite_images\2838000030.jpg
2641400290,satellite_images\2641400290.jpg
2171400199,satellite_images\2171400199.jpg
3811300110,satellite_images\3811300110.jpg
1370802540,satellite_images\1370802540.jpg
2923501020,satellite_images\2923501020.jpg
7366100080,satellite_images\7366100080.jpg
6138000095,satellite_images\6138000095.jpg
6067900060,satellite_images\6067900060.jpg
795000820,satellite_images\795000820.jpg
4077800582,satellite_images\4077800582.jpg
2464400280,satellite_images\2464400280.jpg
686400380,satellite_images\686400380.jpg
4045500510,satellite_images\4045500510.jpg
8670900140,satellite_images\8670900140.jpg
6743700317,satellite_images\6743700317.jpg
5566100170,satellite_images\5566100170.jpg
2220069196,satellite_images\2220069196.jpg
2937300550,satellite_images\2937300550.jpg
8856970570,satellite_images\8856970570.jpg
6067910130,satellite_images\6067910130.jpg
441000065,satellite_images\441000065.jpg
8562770320,satellite_images\8562770320.jpg
98001000,satellite_images\98001000.jpg
6386550040,satellite_images\6386550040.jpg
3589500315,satellite_images\3589500315.jpg
8651411260,satellite_images\8651411260.jpg
908000010,satellite_images\908000010.jpg
3667500015,satellite_images\3667500015.jpg
3886902950,satellite_images\3886902950.jpg
1761300340,satellite_images\1761300340.jpg
7227800065,satellite_images\7227800065.jpg
5556300116,satellite_images\5556300116.jpg
7215900020,satellite_images\7215900020.jpg
3288301330,satellite_images\3288301330.jpg
1926069192,satellite_images\1926069192.jpg
3585901085,satellite_images\3585901085.jpg
9510400100,satellite_images\9510400100.jpg
1453600182,satellite_images\1453600182.jpg
5710500060,satellite_images\5710500060.jpg
328000160,satellite_images\328000160.jpg
1148000190,satellite_images\1148000190.jpg
2560800165,satellite_images\2560800165.jpg
7856400300,satellite_images\7856400300.jpg
7417700185,satellite_images\7417700185.jpg
7203140220,satellite_images\7203140220.jpg
7347600210,satellite_images\7347600210.jpg
9274200990,satellite_images\9274200990.jpg
1062100115,satellite_images\1062100115.jpg
9804500420,satellite_images\9804500420.jpg
7148200040,satellite_images\7148200040.jpg
220069083,satellite_images\220069083.jpg
1863900190,satellite_images\1863900190.jpg
8155760040,satellite_images\8155760040.jpg
2011000120,satellite_images\2011000120.jpg
9412710440,satellite_images\9412710440.jpg
6909200575,satellite_images\6909200575.jpg
2591010040,satellite_images\2591010040.jpg
7237300290,satellite_images\7237300290.jpg
2770600930,satellite_images\2770600930.jpg
3793501050,satellite_images\3793501050.jpg
424069150,satellite_images\424069150.jpg
3424069154,satellite_images\3424069154.jpg
3528000140,satellite_images\3528000140.jpg
540100056,satellite_images\540100056.jpg
3448001975,satellite_images\3448001975.jpg
6381500035,satellite_images\6381500035.jpg
9413600420,satellite_images\9413600420.jpg
8651430560,satellite_images\8651430560.jpg
1745000090,satellite_images\1745000090.jpg
3295450050,satellite_images\3295450050.jpg
2719100240,satellite_images\2719100240.jpg
8010100040,satellite_images\8010100040.jpg
5145100310,satellite_images\5145100310.jpg
3013301525,satellite_images\3013301525.jpg
6413100122,satellite_images\6413100122.jpg
2114700040,satellite_images\2114700040.jpg
7985400133,satellite_images\7985400133.jpg
9828202215,satellite_images\9828202215.jpg
621049103,satellite_images\621049103.jpg
2781100080,satellite_images\2781100080.jpg
6300000400,satellite_images\6300000400.jpg
5112800291,satellite_images\5112800291.jpg
6121000090,satellite_images\6121000090.jpg
302000545,satellite_images\302000545.jpg
6145601725,satellite_images\6145601725.jpg
3163600130,satellite_images\3163600130.jpg
2268000180,satellite_images\2268000180.jpg
9282801450,satellite_images\9282801450.jpg
7129301445,satellite_images\7129301445.jpg
5652601330,satellite_images\5652601330.jpg
2201500240,satellite_images\2201500240.jpg
259600910,satellite_images\259600910.jpg
5701800030,satellite_images\5701800030.jpg
65000085,satellite_images\65000085.jpg
3416600800,satellite_images\3416600800.jpg
9839300875,satellite_images\9839300875.jpg
2155500030,satellite_images\2155500030.jpg
7224500090,satellite_images\7224500090.jpg
1794501390,satellite_images\1794501390.jpg
3329510850,satellite_images\3329510850.jpg
1624079104,satellite_images\1624079104.jpg
5416100020,satellite_images\5416100020.jpg
1928300350,satellite_images\1928300350.jpg
1138010220,satellite_images\1138010220.jpg
5469700060,satellite_images\5469700060.jpg
2473100330,satellite_images\2473100330.jpg
7199340310,satellite_images\7199340310.jpg
1245001739,satellite_images\1245001739.jpg
3825310720,satellite_images\3825310720.jpg
7200001756,satellite_images\7200001756.jpg
1118002090,satellite_images\1118002090.jpg
6141100395,satellite_images\6141100395.jpg
7986401305,satellite_images\7986401305.jpg
3959400400,satellite_images\3959400400.jpg
8965510190,satellite_images\8965510190.jpg
3124059023,satellite_images\3124059023.jpg
3797001895,satellite_images\3797001895.jpg
7212680850,satellite_images\7212680850.jpg
8682260480,satellite_images\8682260480.jpg
49000051,satellite_images\49000051.jpg
723069013,satellite_images\723069013.jpg
7211402115,satellite_images\7211402115.jpg
9315300230,satellite_images\9315300230.jpg
1423910130,satellite_images\1423910130.jpg
8925100390,satellite_images\8925100390.jpg
7352200450,satellite_images\7352200450.jpg
7527200360,satellite_images\7527200360.jpg
4151800470,satellite_images\4151800470.jpg
8032700075,satellite_images\8032700075.jpg
4137010010,satellite_images\4137010010.jpg
868000905,satellite_images\868000905.jpg
3715500110,satellite_images\3715500110.jpg
2781250530,satellite_images\2781250530.jpg
3291800140,satellite_images\3291800140.jpg
7715600050,satellite_images\7715600050.jpg
324059076,satellite_images\324059076.jpg
1423069102,satellite_images\1423069102.jpg
2768100512,satellite_images\2768100512.jpg
1630700361,satellite_images\1630700361.jpg
6021503698,satellite_images\6021503698.jpg
723049301,satellite_images\723049301.jpg
5075400035,satellite_images\5075400035.jpg
1024000050,satellite_images\1024000050.jpg
7889000160,satellite_images\7889000160.jpg
1726600120,satellite_images\1726600120.jpg
4318200090,satellite_images\4318200090.jpg
7203160190,satellite_images\7203160190.jpg
9828202325,satellite_images\9828202325.jpg
2024059110,satellite_images\2024059110.jpg
3586500770,satellite_images\3586500770.jpg
8699800070,satellite_images\8699800070.jpg
1822069116,satellite_images\1822069116.jpg
7202360010,satellite_images\7202360010.jpg
3211580210,satellite_images\3211580210.jpg
1321700390,satellite_images\1321700390.jpg
3578600062,satellite_images\3578600062.jpg
7212650850,satellite_images\7212650850.jpg
7603100095,satellite_images\7603100095.jpg
1972200555,satellite_images\1972200555.jpg
6820100035,satellite_images\6820100035.jpg
809003105,satellite_images\809003105.jpg
6388920460,satellite_images\6388920460.jpg
5416510920,satellite_images\5416510920.jpg
7202340820,satellite_images\7202340820.jpg
5210200410,satellite_images\5210200410.jpg
8562900310,satellite_images\8562900310.jpg
5457800740,satellite_images\5457800740.jpg
4136950140,satellite_images\4136950140.jpg
6204400130,satellite_images\6204400130.jpg
6132600380,satellite_images\6132600380.jpg
626049115,satellite_images\626049115.jpg
1330250010,satellite_images\1330250010.jpg
9828701745,satellite_images\9828701745.jpg
3449500135,satellite_images\3449500135.jpg
6141100750,satellite_images\6141100750.jpg
9158800090,satellite_images\9158800090.jpg
8651520400,satellite_images\8651520400.jpg
1777600850,satellite_images\1777600850.jpg
3797300110,satellite_images\3797300110.jpg
3541600210,satellite_images\3541600210.jpg
1925059254,satellite_images\1925059254.jpg
2568300040,satellite_images\2568300040.jpg
1251200045,satellite_images\1251200045.jpg
7625704510,satellite_images\7625704510.jpg
1233100366,satellite_images\1233100366.jpg
2078500350,satellite_images\2078500350.jpg
627300195,satellite_images\627300195.jpg
8819900270,satellite_images\8819900270.jpg
3816300095,satellite_images\3816300095.jpg
122069107,satellite_images\122069107.jpg
6703100135,satellite_images\6703100135.jpg
7954300740,satellite_images\7954300740.jpg
2781250150,satellite_images\2781250150.jpg
2770601769,satellite_images\2770601769.jpg
2386000170,satellite_images\2386000170.jpg
993002177,satellite_images\993002177.jpg
1432600560,satellite_images\1432600560.jpg
9808630120,satellite_images\9808630120.jpg
7974200456,satellite_images\7974200456.jpg
1219000120,satellite_images\1219000120.jpg
1565950090,satellite_images\1565950090.jpg
4046601420,satellite_images\4046601420.jpg
4141800215,satellite_images\4141800215.jpg
9186300060,satellite_images\9186300060.jpg
255450040,satellite_images\255450040.jpg
8651430210,satellite_images\8651430210.jpg
1422069069,satellite_images\1422069069.jpg
5288200225,satellite_images\5288200225.jpg
2391602350,satellite_images\2391602350.jpg
8118600080,satellite_images\8118600080.jpg
723049533,satellite_images\723049533.jpg
8079100370,satellite_images\8079100370.jpg
2524049166,satellite_images\2524049166.jpg
4077800017,satellite_images\4077800017.jpg
1085623730,satellite_images\1085623730.jpg
8718500555,satellite_images\8718500555.jpg
7631200292,satellite_images\7631200292.jpg
822039146,satellite_images\822039146.jpg
2493200435,satellite_images\2493200435.jpg
2872100445,satellite_images\2872100445.jpg
3271800295,satellite_images\3271800295.jpg
7856610160,satellite_images\7856610160.jpg
4178310080,satellite_images\4178310080.jpg
9536601852,satellite_images\9536601852.jpg
3172600095,satellite_images\3172600095.jpg
6399600115,satellite_images\6399600115.jpg
3751600430,satellite_images\3751600430.jpg
5442300807,satellite_images\5442300807.jpg
1455100355,satellite_images\1455100355.jpg
2881700547,satellite_images\2881700547.jpg
9477000080,satellite_images\9477000080.jpg
1442880260,satellite_images\1442880260.jpg
1761600150,satellite_images\1761600150.jpg
8722101370,satellite_images\8722101370.jpg
255520260,satellite_images\255520260.jpg
3295610350,satellite_images\3295610350.jpg
2826049108,satellite_images\2826049108.jpg
993000950,satellite_images\993000950.jpg
1250700060,satellite_images\1250700060.jpg
622069123,satellite_images\622069123.jpg
6431000270,satellite_images\6431000270.jpg
3764800510,satellite_images\3764800510.jpg
2329800630,satellite_images\2329800630.jpg
5695000270,satellite_images\5695000270.jpg
5113400113,satellite_images\5113400113.jpg
8122100235,satellite_images\8122100235.jpg
2523039315,satellite_images\2523039315.jpg
7589200153,satellite_images\7589200153.jpg
4254000620,satellite_images\4254000620.jpg
4139480200,satellite_images\4139480200.jpg
4310702837,satellite_images\4310702837.jpg
3761100180,satellite_images\3761100180.jpg
3331001285,satellite_images\3331001285.jpg
3585900500,satellite_images\3585900500.jpg
8024201870,satellite_images\8024201870.jpg
9232900050,satellite_images\9232900050.jpg
1084000107,satellite_images\1084000107.jpg
8682280170,satellite_images\8682280170.jpg
3625049088,satellite_images\3625049088.jpg
3224800075,satellite_images\3224800075.jpg
2488200459,satellite_images\2488200459.jpg
4174600386,satellite_images\4174600386.jpg
9560800390,satellite_images\9560800390.jpg
200350070,satellite_images\200350070.jpg
1839500055,satellite_images\1839500055.jpg
8714600145,satellite_images\8714600145.jpg
7855600820,satellite_images\7855600820.jpg
7504400710,satellite_images\7504400710.jpg
9550200470,satellite_images\9550200470.jpg
2212200270,satellite_images\2212200270.jpg
7851990120,satellite_images\7851990120.jpg
6402710070,satellite_images\6402710070.jpg
5104510190,satellite_images\5104510190.jpg
323089173,satellite_images\323089173.jpg
8655000070,satellite_images\8655000070.jpg
8643000185,satellite_images\8643000185.jpg
629650380,satellite_images\629650380.jpg
5104511630,satellite_images\5104511630.jpg
1703400910,satellite_images\1703400910.jpg
5702380770,satellite_images\5702380770.jpg
3931900510,satellite_images\3931900510.jpg
9250900124,satellite_images\9250900124.jpg
1105000432,satellite_images\1105000432.jpg
1102000527,satellite_images\1102000527.jpg
6730700385,satellite_images\6730700385.jpg
6744700343,satellite_images\6744700343.jpg
6855100010,satellite_images\6855100010.jpg
9407150350,satellite_images\9407150350.jpg
6401700010,satellite_images\6401700010.jpg
6703100070,satellite_images\6703100070.jpg
7135521680,satellite_images\7135521680.jpg
7525950180,satellite_images\7525950180.jpg
2822079012,satellite_images\2822079012.jpg
9433000060,satellite_images\9433000060.jpg
9477200460,satellite_images\9477200460.jpg
9265400210,satellite_images\9265400210.jpg
8645500160,satellite_images\8645500160.jpg
7960900060,satellite_images\7960900060.jpg
4307301160,satellite_images\4307301160.jpg
8615800325,satellite_images\8615800325.jpg
1242700035,satellite_images\1242700035.jpg
2591820080,satellite_images\2591820080.jpg
8121100715,satellite_images\8121100715.jpg
9347300010,satellite_images\9347300010.jpg
8731980040,satellite_images\8731980040.jpg
1180008355,satellite_images\1180008355.jpg
117000003,satellite_images\117000003.jpg
7454000875,satellite_images\7454000875.jpg
3832080440,satellite_images\3832080440.jpg
5476800201,satellite_images\5476800201.jpg
8731951370,satellite_images\8731951370.jpg
8946700140,satellite_images\8946700140.jpg
9264910280,satellite_images\9264910280.jpg
3876900089,satellite_images\3876900089.jpg
6909700437,satellite_images\6909700437.jpg
1929300052,satellite_images\1929300052.jpg
5007500120,satellite_images\5007500120.jpg
1133000542,satellite_images\1133000542.jpg
2024069128,satellite_images\2024069128.jpg
3630200630,satellite_images\3630200630.jpg
8113100150,satellite_images\8113100150.jpg
8731990440,satellite_images\8731990440.jpg
1454100480,satellite_images\1454100480.jpg
7853250160,satellite_images\7853250160.jpg
6613000015,satellite_images\6613000015.jpg
8651441290,satellite_images\8651441290.jpg
5104510540,satellite_images\5104510540.jpg
7806210190,satellite_images\7806210190.jpg
7436600090,satellite_images\7436600090.jpg
7686204750,satellite_images\7686204750.jpg
9521101520,satellite_images\9521101520.jpg
1592000050,satellite_images\1592000050.jpg
7853290030,satellite_images\7853290030.jpg
5452302195,satellite_images\5452302195.jpg
7212651100,satellite_images\7212651100.jpg
4027700594,satellite_images\4027700594.jpg
6705900070,satellite_images\6705900070.jpg
6844702630,satellite_images\6844702630.jpg
9358001403,satellite_images\9358001403.jpg
7501000080,satellite_images\7501000080.jpg
1788900230,satellite_images\1788900230.jpg
6381501965,satellite_images\6381501965.jpg
3931900580,satellite_images\3931900580.jpg
8944460030,satellite_images\8944460030.jpg
6979900330,satellite_images\6979900330.jpg
7702080110,satellite_images\7702080110.jpg
1822500270,satellite_images\1822500270.jpg
7942300070,satellite_images\7942300070.jpg
301402140,satellite_images\301402140.jpg
2423020090,satellite_images\2423020090.jpg
7338220370,satellite_images\7338220370.jpg
241900060,satellite_images\241900060.jpg
5422950170,satellite_images\5422950170.jpg
7234601025,satellite_images\7234601025.jpg
2545900050,satellite_images\2545900050.jpg
3343903240,satellite_images\3343903240.jpg
4022900951,satellite_images\4022900951.jpg
9822700190,satellite_images\9822700190.jpg
3630120190,satellite_images\3630120190.jpg
5078400210,satellite_images\5078400210.jpg
2922701420,satellite_images\2922701420.jpg
3374300030,satellite_images\3374300030.jpg
9516500100,satellite_images\9516500100.jpg
6132600221,satellite_images\6132600221.jpg
2356800020,satellite_images\2356800020.jpg
2133010290,satellite_images\2133010290.jpg
821049123,satellite_images\821049123.jpg
7129302615,satellite_images\7129302615.jpg
9189700255,satellite_images\9189700255.jpg
722039087,satellite_images\722039087.jpg
2359300030,satellite_images\2359300030.jpg
2273600410,satellite_images\2273600410.jpg
7508200080,satellite_images\7508200080.jpg
3826500570,satellite_images\3826500570.jpg
2473460860,satellite_images\2473460860.jpg
4037800015,satellite_images\4037800015.jpg
4040800360,satellite_images\4040800360.jpg
4438000165,satellite_images\4438000165.jpg
3333000745,satellite_images\3333000745.jpg
1523059183,satellite_images\1523059183.jpg
1442860120,satellite_images\1442860120.jpg
9315100030,satellite_images\9315100030.jpg
7399300850,satellite_images\7399300850.jpg
1604601804,satellite_images\1604601804.jpg
3020079078,satellite_images\3020079078.jpg
7202310010,satellite_images\7202310010.jpg
567000380,satellite_images\567000380.jpg
1402200070,satellite_images\1402200070.jpg
6150200280,satellite_images\6150200280.jpg
1445200110,satellite_images\1445200110.jpg
8078570410,satellite_images\8078570410.jpg
2287000280,satellite_images\2287000280.jpg
952005863,satellite_images\952005863.jpg
9285800790,satellite_images\9285800790.jpg
7335400215,satellite_images\7335400215.jpg
5710000005,satellite_images\5710000005.jpg
2768100205,satellite_images\2768100205.jpg
9304400010,satellite_images\9304400010.jpg
1025059181,satellite_images\1025059181.jpg
3826000385,satellite_images\3826000385.jpg
2891400380,satellite_images\2891400380.jpg
5706201360,satellite_images\5706201360.jpg
2473250850,satellite_images\2473250850.jpg
6745700190,satellite_images\6745700190.jpg
3904901200,satellite_images\3904901200.jpg
9430100020,satellite_images\9430100020.jpg
5072420040,satellite_images\5072420040.jpg
7224000450,satellite_images\7224000450.jpg
2273600460,satellite_images\2273600460.jpg
9285800345,satellite_images\9285800345.jpg
6979900360,satellite_images\6979900360.jpg
4054550010,satellite_images\4054550010.jpg
9472200060,satellite_images\9472200060.jpg
5561100431,satellite_images\5561100431.jpg
4025300195,satellite_images\4025300195.jpg
9264960480,satellite_images\9264960480.jpg
6163900501,satellite_images\6163900501.jpg
2202500290,satellite_images\2202500290.jpg
7227501369,satellite_images\7227501369.jpg
3353402390,satellite_images\3353402390.jpg
3225059223,satellite_images\3225059223.jpg
7229700165,satellite_images\7229700165.jpg
1962200036,satellite_images\1962200036.jpg
8635750950,satellite_images\8635750950.jpg
9320200050,satellite_images\9320200050.jpg
1446403617,satellite_images\1446403617.jpg
3630080190,satellite_images\3630080190.jpg
7466900320,satellite_images\7466900320.jpg
7518502210,satellite_images\7518502210.jpg
7663700654,satellite_images\7663700654.jpg
4083304355,satellite_images\4083304355.jpg
6300000368,satellite_images\6300000368.jpg
3275740030,satellite_images\3275740030.jpg
3626039229,satellite_images\3626039229.jpg
126049217,satellite_images\126049217.jpg
824059265,satellite_images\824059265.jpg
1898700310,satellite_images\1898700310.jpg
739980260,satellite_images\739980260.jpg
6145601312,satellite_images\6145601312.jpg
5104510270,satellite_images\5104510270.jpg
9183702251,satellite_images\9183702251.jpg
7955080300,satellite_images\7955080300.jpg
4370700065,satellite_images\4370700065.jpg
5634500179,satellite_images\5634500179.jpg
6806100420,satellite_images\6806100420.jpg
1038000040,satellite_images\1038000040.jpg
3343901961,satellite_images\3343901961.jpg
824059305,satellite_images\824059305.jpg
2787250240,satellite_images\2787250240.jpg
2311400145,satellite_images\2311400145.jpg
7015200900,satellite_images\7015200900.jpg
7805450750,satellite_images\7805450750.jpg
2114700384,satellite_images\2114700384.jpg
7230400430,satellite_images\7230400430.jpg
6161000015,satellite_images\6161000015.jpg
3204300225,satellite_images\3204300225.jpg
2597490660,satellite_images\2597490660.jpg
1923300170,satellite_images\1923300170.jpg
4338800370,satellite_images\4338800370.jpg
1924069105,satellite_images\1924069105.jpg
104560280,satellite_images\104560280.jpg
8658300480,satellite_images\8658300480.jpg
1066000290,satellite_images\1066000290.jpg
722079015,satellite_images\722079015.jpg
1997200165,satellite_images\1997200165.jpg
1431400070,satellite_images\1431400070.jpg
4027700930,satellite_images\4027700930.jpg
2126059048,satellite_images\2126059048.jpg
3886000010,satellite_images\3886000010.jpg
624100990,satellite_images\624100990.jpg
3717000160,satellite_images\3717000160.jpg
5451220200,satellite_images\5451220200.jpg
723049158,satellite_images\723049158.jpg
7851990230,satellite_images\7851990230.jpg
3885801450,satellite_images\3885801450.jpg
1385100050,satellite_images\1385100050.jpg
5238800020,satellite_images\5238800020.jpg
3791410210,satellite_images\3791410210.jpg
1431700370,satellite_images\1431700370.jpg
2738600140,satellite_images\2738600140.jpg
2558660270,satellite_images\2558660270.jpg
3904901520,satellite_images\3904901520.jpg
7202300480,satellite_images\7202300480.jpg
3570000130,satellite_images\3570000130.jpg
7202260210,satellite_images\7202260210.jpg
9475960050,satellite_images\9475960050.jpg
7504010760,satellite_images\7504010760.jpg
6132600165,satellite_images\6132600165.jpg
537000075,satellite_images\537000075.jpg
7167000040,satellite_images\7167000040.jpg
1773101335,satellite_images\1773101335.jpg
2220069203,satellite_images\2220069203.jpg
1702901618,satellite_images\1702901618.jpg
4019301500,satellite_images\4019301500.jpg
5379805475,satellite_images\5379805475.jpg
126059242,satellite_images\126059242.jpg
9477201530,satellite_images\9477201530.jpg
9828701488,satellite_images\9828701488.jpg
421000555,satellite_images\421000555.jpg
7695470200,satellite_images\7695470200.jpg
9510310030,satellite_images\9510310030.jpg
1338600185,satellite_images\1338600185.jpg
7230400400,satellite_images\7230400400.jpg
3319500334,satellite_images\3319500334.jpg
4027701291,satellite_images\4027701291.jpg
3834500170,satellite_images\3834500170.jpg
3876540600,satellite_images\3876540600.jpg
8087800400,satellite_images\8087800400.jpg
5560000650,satellite_images\5560000650.jpg
7418000020,satellite_images\7418000020.jpg
856001130,satellite_images\856001130.jpg
8651442060,satellite_images\8651442060.jpg
723099065,satellite_images\723099065.jpg
2767601031,satellite_images\2767601031.jpg
1775800800,satellite_images\1775800800.jpg
9122001225,satellite_images\9122001225.jpg
263000324,satellite_images\263000324.jpg
8944320280,satellite_images\8944320280.jpg
8651611640,satellite_images\8651611640.jpg
8644500010,satellite_images\8644500010.jpg
2484200171,satellite_images\2484200171.jpg
5406500430,satellite_images\5406500430.jpg
6431000749,satellite_images\6431000749.jpg
3395040920,satellite_images\3395040920.jpg
2212250080,satellite_images\2212250080.jpg
100600550,satellite_images\100600550.jpg
808300180,satellite_images\808300180.jpg
7904700146,satellite_images\7904700146.jpg
2459970020,satellite_images\2459970020.jpg
3353402400,satellite_images\3353402400.jpg
8562790760,satellite_images\8562790760.jpg
8663370060,satellite_images\8663370060.jpg
3574800010,satellite_images\3574800010.jpg
3793501390,satellite_images\3793501390.jpg
7852090570,satellite_images\7852090570.jpg
2619950110,satellite_images\2619950110.jpg
5021900945,satellite_images\5021900945.jpg
7202430110,satellite_images\7202430110.jpg
1931300010,satellite_images\1931300010.jpg
9323610180,satellite_images\9323610180.jpg
1858600012,satellite_images\1858600012.jpg
5249805090,satellite_images\5249805090.jpg
3905060070,satellite_images\3905060070.jpg
3022800010,satellite_images\3022800010.jpg
625049153,satellite_images\625049153.jpg
8092700220,satellite_images\8092700220.jpg
9406590280,satellite_images\9406590280.jpg
1226039054,satellite_images\1226039054.jpg
7212651950,satellite_images\7212651950.jpg
2296500036,satellite_images\2296500036.jpg
2294900010,satellite_images\2294900010.jpg
9421500010,satellite_images\9421500010.jpg
3031200120,satellite_images\3031200120.jpg
5460500040,satellite_images\5460500040.jpg
1623069046,satellite_images\1623069046.jpg
6071300090,satellite_images\6071300090.jpg
993001330,satellite_images\993001330.jpg
1725059187,satellite_images\1725059187.jpg
5468750040,satellite_images\5468750040.jpg
2619950400,satellite_images\2619950400.jpg
8691300860,satellite_images\8691300860.jpg
524059148,satellite_images\524059148.jpg
291300170,satellite_images\291300170.jpg
7424100050,satellite_images\7424100050.jpg
3626039271,satellite_images\3626039271.jpg
561500290,satellite_images\561500290.jpg
798000337,satellite_images\798000337.jpg
3629940160,satellite_images\3629940160.jpg
5423010350,satellite_images\5423010350.jpg
7399200770,satellite_images\7399200770.jpg
6055000010,satellite_images\6055000010.jpg
9357000230,satellite_images\9357000230.jpg
1338300010,satellite_images\1338300010.jpg
1442880080,satellite_images\1442880080.jpg
5153200506,satellite_images\5153200506.jpg
9284800844,satellite_images\9284800844.jpg
1036100100,satellite_images\1036100100.jpg
774100475,satellite_images\774100475.jpg
3512100110,satellite_images\3512100110.jpg
1226059112,satellite_images\1226059112.jpg
9829200566,satellite_images\9829200566.jpg
1257202215,satellite_images\1257202215.jpg
3629960550,satellite_images\3629960550.jpg
8127700132,satellite_images\8127700132.jpg
5056500260,satellite_images\5056500260.jpg
1344300090,satellite_images\1344300090.jpg
5482700115,satellite_images\5482700115.jpg
9265700045,satellite_images\9265700045.jpg
5695000142,satellite_images\5695000142.jpg
3625500130,satellite_images\3625500130.jpg
619079096,satellite_images\619079096.jpg
8562740520,satellite_images\8562740520.jpg
2710600045,satellite_images\2710600045.jpg
2781230230,satellite_images\2781230230.jpg
1853500130,satellite_images\1853500130.jpg
7214400095,satellite_images\7214400095.jpg
1862400057,satellite_images\1862400057.jpg
4218400455,satellite_images\4218400455.jpg
4298100240,satellite_images\4298100240.jpg
6893300110,satellite_images\6893300110.jpg
3438500880,satellite_images\3438500880.jpg
2591800340,satellite_images\2591800340.jpg
3750605349,satellite_images\3750605349.jpg
7132300540,satellite_images\7132300540.jpg
7635800600,satellite_images\7635800600.jpg
8121200820,satellite_images\8121200820.jpg
4046601010,satellite_images\4046601010.jpg
9561100080,satellite_images\9561100080.jpg
1843130530,satellite_images\1843130530.jpg
3123800125,satellite_images\3123800125.jpg
9550204515,satellite_images\9550204515.jpg
3750603492,satellite_images\3750603492.jpg
7140600225,satellite_images\7140600225.jpg
2767604074,satellite_images\2767604074.jpg
2301400655,satellite_images\2301400655.jpg
7853430660,satellite_images\7853430660.jpg
9523100459,satellite_images\9523100459.jpg
8096800110,satellite_images\8096800110.jpg
5694500497,satellite_images\5694500497.jpg
5636010560,satellite_images\5636010560.jpg
3904920390,satellite_images\3904920390.jpg
9523103000,satellite_images\9523103000.jpg
5104511050,satellite_images\5104511050.jpg
9178600055,satellite_images\9178600055.jpg
976000903,satellite_images\976000903.jpg
7732500700,satellite_images\7732500700.jpg
272000085,satellite_images\272000085.jpg
3645100240,satellite_images\3645100240.jpg
3275330120,satellite_images\3275330120.jpg
4142450510,satellite_images\4142450510.jpg
3278613060,satellite_images\3278613060.jpg
2296700330,satellite_images\2296700330.jpg
1105000011,satellite_images\1105000011.jpg
5452800735,satellite_images\5452800735.jpg
293610020,satellite_images\293610020.jpg
6744700285,satellite_images\6744700285.jpg
6648000050,satellite_images\6648000050.jpg
7202260300,satellite_images\7202260300.jpg
7419500200,satellite_images\7419500200.jpg
8820903380,satellite_images\8820903380.jpg
2013800705,satellite_images\2013800705.jpg
2680700280,satellite_images\2680700280.jpg
3735901040,satellite_images\3735901040.jpg
7525100060,satellite_images\7525100060.jpg
1954700365,satellite_images\1954700365.jpg
2894700270,satellite_images\2894700270.jpg
3879900753,satellite_images\3879900753.jpg
3530420110,satellite_images\3530420110.jpg
3997500130,satellite_images\3997500130.jpg
6385100100,satellite_images\6385100100.jpg
2473411240,satellite_images\2473411240.jpg
8824900020,satellite_images\8824900020.jpg
9828701741,satellite_images\9828701741.jpg
6700400110,satellite_images\6700400110.jpg
7967200290,satellite_images\7967200290.jpg
3066400080,satellite_images\3066400080.jpg
5700000180,satellite_images\5700000180.jpg
3179100755,satellite_images\3179100755.jpg
2287000060,satellite_images\2287000060.jpg
4402700230,satellite_images\4402700230.jpg
4057300200,satellite_images\4057300200.jpg
9301300270,satellite_images\9301300270.jpg
7129304540,satellite_images\7129304540.jpg
2893000280,satellite_images\2893000280.jpg
6147650170,satellite_images\6147650170.jpg
2724089019,satellite_images\2724089019.jpg
2436700800,satellite_images\2436700800.jpg
2395710020,satellite_images\2395710020.jpg
9328500680,satellite_images\9328500680.jpg
3751602797,satellite_images\3751602797.jpg
2526069092,satellite_images\2526069092.jpg
326069104,satellite_images\326069104.jpg
1455600045,satellite_images\1455600045.jpg
7660100238,satellite_images\7660100238.jpg
4123800400,satellite_images\4123800400.jpg
2475200930,satellite_images\2475200930.jpg
1698900195,satellite_images\1698900195.jpg
5255710010,satellite_images\5255710010.jpg
5347200165,satellite_images\5347200165.jpg
1796360870,satellite_images\1796360870.jpg
9542300430,satellite_images\9542300430.jpg
8651430870,satellite_images\8651430870.jpg
5104531820,satellite_images\5104531820.jpg
6149700315,satellite_images\6149700315.jpg
1326039039,satellite_images\1326039039.jpg
847100021,satellite_images\847100021.jpg
2600020330,satellite_images\2600020330.jpg
3291800660,satellite_images\3291800660.jpg
8929000350,satellite_images\8929000350.jpg
1332200110,satellite_images\1332200110.jpg
2770602493,satellite_images\2770602493.jpg
250000320,satellite_images\250000320.jpg
513000665,satellite_images\513000665.jpg
2114700500,satellite_images\2114700500.jpg
7424110130,satellite_images\7424110130.jpg
7852110740,satellite_images\7852110740.jpg
6121800060,satellite_images\6121800060.jpg
3447000030,satellite_images\3447000030.jpg
4310702838,satellite_images\4310702838.jpg
7853320030,satellite_images\7853320030.jpg
7305300760,satellite_images\7305300760.jpg
7752700110,satellite_images\7752700110.jpg
5104530220,satellite_images\5104530220.jpg
6072500050,satellite_images\6072500050.jpg
9562200090,satellite_images\9562200090.jpg
2223069112,satellite_images\2223069112.jpg
3034200142,satellite_images\3034200142.jpg
3575303700,satellite_images\3575303700.jpg
6373000187,satellite_images\6373000187.jpg
9206700060,satellite_images\9206700060.jpg
7300200290,satellite_images\7300200290.jpg
2902200241,satellite_images\2902200241.jpg
7202330280,satellite_images\7202330280.jpg
2883200083,satellite_images\2883200083.jpg
4136880140,satellite_images\4136880140.jpg
2877101100,satellite_images\2877101100.jpg
3426059050,satellite_images\3426059050.jpg
2218000390,satellite_images\2218000390.jpg
1545803240,satellite_images\1545803240.jpg
8682262260,satellite_images\8682262260.jpg
7885100005,satellite_images\7885100005.jpg
3336500190,satellite_images\3336500190.jpg
1972200725,satellite_images\1972200725.jpg
2421059090,satellite_images\2421059090.jpg
5112800210,satellite_images\5112800210.jpg
2599001200,satellite_images\2599001200.jpg
9828201885,satellite_images\9828201885.jpg
7211400535,satellite_images\7211400535.jpg
3630000080,satellite_images\3630000080.jpg
5212000020,satellite_images\5212000020.jpg
3655000070,satellite_images\3655000070.jpg
2141300080,satellite_images\2141300080.jpg
3701000060,satellite_images\3701000060.jpg
3797002575,satellite_images\3797002575.jpg
11900140,satellite_images\11900140.jpg
1377300005,satellite_images\1377300005.jpg
3342103281,satellite_images\3342103281.jpg
7334500800,satellite_images\7334500800.jpg
1773600691,satellite_images\1773600691.jpg
8086000201,satellite_images\8086000201.jpg
9542830540,satellite_images\9542830540.jpg
6301800020,satellite_images\6301800020.jpg
1254200615,satellite_images\1254200615.jpg
1796000120,satellite_images\1796000120.jpg
7299600920,satellite_images\7299600920.jpg
5072300100,satellite_images\5072300100.jpg
7454000030,satellite_images\7454000030.jpg
3585220340,satellite_images\3585220340.jpg
623049315,satellite_images\623049315.jpg
7796450200,satellite_images\7796450200.jpg
4172100240,satellite_images\4172100240.jpg
7569450480,satellite_images\7569450480.jpg
3223039109,satellite_images\3223039109.jpg
2225059170,satellite_images\2225059170.jpg
4139500200,satellite_images\4139500200.jpg
4139660430,satellite_images\4139660430.jpg
1938400010,satellite_images\1938400010.jpg
8691330060,satellite_images\8691330060.jpg
2414600400,satellite_images\2414600400.jpg
1788300010,satellite_images\1788300010.jpg
2877102651,satellite_images\2877102651.jpg
1819800286,satellite_images\1819800286.jpg
6838000520,satellite_images\6838000520.jpg
2658000215,satellite_images\2658000215.jpg
6683000295,satellite_images\6683000295.jpg
2919700107,satellite_images\2919700107.jpg
6021500245,satellite_images\6021500245.jpg
2780700020,satellite_images\2780700020.jpg
2355010090,satellite_images\2355010090.jpg
1241500032,satellite_images\1241500032.jpg
2025069140,satellite_images\2025069140.jpg
2493200195,satellite_images\2493200195.jpg
9324320040,satellite_images\9324320040.jpg
3459800020,satellite_images\3459800020.jpg
1453602283,satellite_images\1453602283.jpg
2568800160,satellite_images\2568800160.jpg
3830210220,satellite_images\3830210220.jpg
5103300020,satellite_images\5103300020.jpg
1774230090,satellite_images\1774230090.jpg
6413600276,satellite_images\6413600276.jpg
8159300050,satellite_images\8159300050.jpg
1545801340,satellite_images\1545801340.jpg
2902201126,satellite_images\2902201126.jpg
2815600235,satellite_images\2815600235.jpg
2508800220,satellite_images\2508800220.jpg
3293200190,satellite_images\3293200190.jpg
1450100330,satellite_images\1450100330.jpg
643300040,satellite_images\643300040.jpg
2525000760,satellite_images\2525000760.jpg
1951500055,satellite_images\1951500055.jpg
9533600185,satellite_images\9533600185.jpg
7950300440,satellite_images\7950300440.jpg
4022902260,satellite_images\4022902260.jpg
8074200160,satellite_images\8074200160.jpg
4058000010,satellite_images\4058000010.jpg
9133600075,satellite_images\9133600075.jpg
103400160,satellite_images\103400160.jpg
3210700170,satellite_images\3210700170.jpg
7558800240,satellite_images\7558800240.jpg
342000570,satellite_images\342000570.jpg
3327020400,satellite_images\3327020400.jpg
8807600340,satellite_images\8807600340.jpg
7749500160,satellite_images\7749500160.jpg
11500240,satellite_images\11500240.jpg
522039106,satellite_images\522039106.jpg
7702010050,satellite_images\7702010050.jpg
4073200575,satellite_images\4073200575.jpg
1250201194,satellite_images\1250201194.jpg
1112700130,satellite_images\1112700130.jpg
3574801500,satellite_images\3574801500.jpg
1925069082,satellite_images\1925069082.jpg
4240400155,satellite_images\4240400155.jpg
6414600070,satellite_images\6414600070.jpg
3797310230,satellite_images\3797310230.jpg
7203000465,satellite_images\7203000465.jpg
3448740430,satellite_images\3448740430.jpg
472000590,satellite_images\472000590.jpg
7972600910,satellite_images\7972600910.jpg
3750603471,satellite_images\3750603471.jpg
3426049124,satellite_images\3426049124.jpg
3224800010,satellite_images\3224800010.jpg
2309710230,satellite_images\2309710230.jpg
3578401060,satellite_images\3578401060.jpg
3630070010,satellite_images\3630070010.jpg
2475201180,satellite_images\2475201180.jpg
7732000045,satellite_images\7732000045.jpg
1441600160,satellite_images\1441600160.jpg
7852000340,satellite_images\7852000340.jpg
509000090,satellite_images\509000090.jpg
1180002735,satellite_images\1180002735.jpg
3630180240,satellite_images\3630180240.jpg
9126100608,satellite_images\9126100608.jpg
3580900200,satellite_images\3580900200.jpg
1865820370,satellite_images\1865820370.jpg
5490700100,satellite_images\5490700100.jpg
705700140,satellite_images\705700140.jpg
8648900110,satellite_images\8648900110.jpg
1951800040,satellite_images\1951800040.jpg
3179101945,satellite_images\3179101945.jpg
1934800193,satellite_images\1934800193.jpg
7796450190,satellite_images\7796450190.jpg
1250203070,satellite_images\1250203070.jpg
3260000570,satellite_images\3260000570.jpg
2896600020,satellite_images\2896600020.jpg
2212600100,satellite_images\2212600100.jpg
5100403882,satellite_images\5100403882.jpg
8701600510,satellite_images\8701600510.jpg
2888000030,satellite_images\2888000030.jpg
6411600045,satellite_images\6411600045.jpg
4174600262,satellite_images\4174600262.jpg
1311400120,satellite_images\1311400120.jpg
8150100240,satellite_images\8150100240.jpg
9418400240,satellite_images\9418400240.jpg
2524049108,satellite_images\2524049108.jpg
7214710210,satellite_images\7214710210.jpg
3343301393,satellite_images\3343301393.jpg
7518506595,satellite_images\7518506595.jpg
6790900110,satellite_images\6790900110.jpg
5634500251,satellite_images\5634500251.jpg
7893804340,satellite_images\7893804340.jpg
1088000050,satellite_images\1088000050.jpg
9828701871,satellite_images\9828701871.jpg
9264450550,satellite_images\9264450550.jpg
1898700050,satellite_images\1898700050.jpg
5104530680,satellite_images\5104530680.jpg
7768800270,satellite_images\7768800270.jpg
2832100215,satellite_images\2832100215.jpg
2268000370,satellite_images\2268000370.jpg
4443800385,satellite_images\4443800385.jpg
3816300065,satellite_images\3816300065.jpg
2724049076,satellite_images\2724049076.jpg
205000450,satellite_images\205000450.jpg
4222200210,satellite_images\4222200210.jpg
8099600160,satellite_images\8099600160.jpg
7885800900,satellite_images\7885800900.jpg
7787920230,satellite_images\7787920230.jpg
3278611450,satellite_images\3278611450.jpg
4037000080,satellite_images\4037000080.jpg
3066200440,satellite_images\3066200440.jpg
1725059136,satellite_images\1725059136.jpg
6385900090,satellite_images\6385900090.jpg
4013200145,satellite_images\4013200145.jpg
6421100342,satellite_images\6421100342.jpg
9829201020,satellite_images\9829201020.jpg
3295700060,satellite_images\3295700060.jpg
2475900855,satellite_images\2475900855.jpg
6388930570,satellite_images\6388930570.jpg
4139490190,satellite_images\4139490190.jpg
3424069145,satellite_images\3424069145.jpg
2767602645,satellite_images\2767602645.jpg
1152200030,satellite_images\1152200030.jpg
5700000905,satellite_images\5700000905.jpg
8965000050,satellite_images\8965000050.jpg
8944310330,satellite_images\8944310330.jpg
2481200140,satellite_images\2481200140.jpg
7779200275,satellite_images\7779200275.jpg
3856901525,satellite_images\3856901525.jpg
8651611110,satellite_images\8651611110.jpg
3438501700,satellite_images\3438501700.jpg
259800640,satellite_images\259800640.jpg
2222059065,satellite_images\2222059065.jpg
1931300977,satellite_images\1931300977.jpg
3304700130,satellite_images\3304700130.jpg
6181430280,satellite_images\6181430280.jpg
7548301050,satellite_images\7548301050.jpg
9406570350,satellite_images\9406570350.jpg
9274201006,satellite_images\9274201006.jpg
7300700050,satellite_images\7300700050.jpg
5113400535,satellite_images\5113400535.jpg
1525069021,satellite_images\1525069021.jpg
3797000205,satellite_images\3797000205.jpg
492000532,satellite_images\492000532.jpg
4139420590,satellite_images\4139420590.jpg
4039500390,satellite_images\4039500390.jpg
4299000130,satellite_images\4299000130.jpg
1257200020,satellite_images\1257200020.jpg
510002519,satellite_images\510002519.jpg
8823902005,satellite_images\8823902005.jpg
3878900185,satellite_images\3878900185.jpg
952001735,satellite_images\952001735.jpg
4221250340,satellite_images\4221250340.jpg
3500100226,satellite_images\3500100226.jpg
7436400020,satellite_images\7436400020.jpg
7533800170,satellite_images\7533800170.jpg
2525310310,satellite_images\2525310310.jpg
1822059440,satellite_images\1822059440.jpg
6056100380,satellite_images\6056100380.jpg
4218400005,satellite_images\4218400005.jpg
9272201250,satellite_images\9272201250.jpg
2426059103,satellite_images\2426059103.jpg
4083305085,satellite_images\4083305085.jpg
2126049290,satellite_images\2126049290.jpg
1628700107,satellite_images\1628700107.jpg
8159300040,satellite_images\8159300040.jpg
7787110680,satellite_images\7787110680.jpg
363000045,satellite_images\363000045.jpg
1024069063,satellite_images\1024069063.jpg
4401200010,satellite_images\4401200010.jpg
2607740100,satellite_images\2607740100.jpg
8725950020,satellite_images\8725950020.jpg
3625059120,satellite_images\3625059120.jpg
6690500070,satellite_images\6690500070.jpg
797000258,satellite_images\797000258.jpg
8084900160,satellite_images\8084900160.jpg
6699000810,satellite_images\6699000810.jpg
619079016,satellite_images\619079016.jpg
6141100065,satellite_images\6141100065.jpg
8001400340,satellite_images\8001400340.jpg
2890100060,satellite_images\2890100060.jpg
7284900030,satellite_images\7284900030.jpg
8016250080,satellite_images\8016250080.jpg
3579800405,satellite_images\3579800405.jpg
224069195,satellite_images\224069195.jpg
9578060370,satellite_images\9578060370.jpg
255550230,satellite_images\255550230.jpg
4154305575,satellite_images\4154305575.jpg
7140600190,satellite_images\7140600190.jpg
4388000120,satellite_images\4388000120.jpg
301401620,satellite_images\301401620.jpg
3288100290,satellite_images\3288100290.jpg
2927600675,satellite_images\2927600675.jpg
2724079014,satellite_images\2724079014.jpg
2592200030,satellite_images\2592200030.jpg
4122500100,satellite_images\4122500100.jpg
5379801920,satellite_images\5379801920.jpg
34001160,satellite_images\34001160.jpg
1823059028,satellite_images\1823059028.jpg
7326200110,satellite_images\7326200110.jpg
2205700345,satellite_images\2205700345.jpg
5652601075,satellite_images\5652601075.jpg
1775801260,satellite_images\1775801260.jpg
2064800120,satellite_images\2064800120.jpg
3575303430,satellite_images\3575303430.jpg
1995200320,satellite_images\1995200320.jpg
5379800446,satellite_images\5379800446.jpg
5393600507,satellite_images\5393600507.jpg
8902000068,satellite_images\8902000068.jpg
6816300060,satellite_images\6816300060.jpg
1687900520,satellite_images\1687900520.jpg
3336001515,satellite_images\3336001515.jpg
7504400850,satellite_images\7504400850.jpg
4279200060,satellite_images\4279200060.jpg
2115510340,satellite_images\2115510340.jpg
2587910180,satellite_images\2587910180.jpg
5556300102,satellite_images\5556300102.jpg
3364900375,satellite_images\3364900375.jpg
5029450160,satellite_images\5029450160.jpg
7291700065,satellite_images\7291700065.jpg
8081030090,satellite_images\8081030090.jpg
3810000843,satellite_images\3810000843.jpg
5113400431,satellite_images\5113400431.jpg
2009000370,satellite_images\2009000370.jpg
7203101970,satellite_images\7203101970.jpg
7169500200,satellite_images\7169500200.jpg
7203101260,satellite_images\7203101260.jpg
6905200050,satellite_images\6905200050.jpg
3034200247,satellite_images\3034200247.jpg
3276930270,satellite_images\3276930270.jpg
3622900200,satellite_images\3622900200.jpg
1422300160,satellite_images\1422300160.jpg
3975400260,satellite_images\3975400260.jpg
8690800130,satellite_images\8690800130.jpg
6117501250,satellite_images\6117501250.jpg
9287800135,satellite_images\9287800135.jpg
9144100126,satellite_images\9144100126.jpg
537000445,satellite_images\537000445.jpg
203101210,satellite_images\203101210.jpg
7227801955,satellite_images\7227801955.jpg
9468200109,satellite_images\9468200109.jpg
6064800730,satellite_images\6064800730.jpg
7300410300,satellite_images\7300410300.jpg
2175100205,satellite_images\2175100205.jpg
1294300038,satellite_images\1294300038.jpg
6819100330,satellite_images\6819100330.jpg
9368700031,satellite_images\9368700031.jpg
3333002450,satellite_images\3333002450.jpg
2895800710,satellite_images\2895800710.jpg
686400060,satellite_images\686400060.jpg
9578200030,satellite_images\9578200030.jpg
1930301220,satellite_images\1930301220.jpg
8641500345,satellite_images\8641500345.jpg
2895800770,satellite_images\2895800770.jpg
3793500780,satellite_images\3793500780.jpg
4364700885,satellite_images\4364700885.jpg
2946003947,satellite_images\2946003947.jpg
6190701110,satellite_images\6190701110.jpg
4310702759,satellite_images\4310702759.jpg
7974200902,satellite_images\7974200902.jpg
2795000060,satellite_images\2795000060.jpg
8019200845,satellite_images\8019200845.jpg
4178500580,satellite_images\4178500580.jpg
9238430140,satellite_images\9238430140.jpg
123059046,satellite_images\123059046.jpg
263000280,satellite_images\263000280.jpg
3578400500,satellite_images\3578400500.jpg
3260701160,satellite_images\3260701160.jpg
4222200120,satellite_images\4222200120.jpg
6817750510,satellite_images\6817750510.jpg
3904910520,satellite_images\3904910520.jpg
1890000170,satellite_images\1890000170.jpg
1125079088,satellite_images\1125079088.jpg
5561710110,satellite_images\5561710110.jpg
5045700250,satellite_images\5045700250.jpg
8097000190,satellite_images\8097000190.jpg
8731730590,satellite_images\8731730590.jpg
3158500250,satellite_images\3158500250.jpg
2768200213,satellite_images\2768200213.jpg
1453602310,satellite_images\1453602310.jpg
1090000005,satellite_images\1090000005.jpg
5017000470,satellite_images\5017000470.jpg
3343301910,satellite_images\3343301910.jpg
6914700165,satellite_images\6914700165.jpg
5104531700,satellite_images\5104531700.jpg
9818700645,satellite_images\9818700645.jpg
8857600220,satellite_images\8857600220.jpg
8732000410,satellite_images\8732000410.jpg
3530410020,satellite_images\3530410020.jpg
922059161,satellite_images\922059161.jpg
4140100200,satellite_images\4140100200.jpg
2819100140,satellite_images\2819100140.jpg
538000190,satellite_images\538000190.jpg
8924100305,satellite_images\8924100305.jpg
3204950120,satellite_images\3204950120.jpg
8563080270,satellite_images\8563080270.jpg
1099600620,satellite_images\1099600620.jpg
6699930440,satellite_images\6699930440.jpg
9133600135,satellite_images\9133600135.jpg
824059042,satellite_images\824059042.jpg
9297301190,satellite_images\9297301190.jpg
7504100110,satellite_images\7504100110.jpg
2011400779,satellite_images\2011400779.jpg
4318200405,satellite_images\4318200405.jpg
3717000250,satellite_images\3717000250.jpg
7852090820,satellite_images\7852090820.jpg
3883800011,satellite_images\3883800011.jpg
4083301380,satellite_images\4083301380.jpg
6730700260,satellite_images\6730700260.jpg
821069025,satellite_images\821069025.jpg
3546000490,satellite_images\3546000490.jpg
8732130580,satellite_images\8732130580.jpg
1421069123,satellite_images\1421069123.jpg
7855000460,satellite_images\7855000460.jpg
2021000180,satellite_images\2021000180.jpg
3905090410,satellite_images\3905090410.jpg
2924079034,satellite_images\2924079034.jpg
2171400126,satellite_images\2171400126.jpg
4083302625,satellite_images\4083302625.jpg
1766600075,satellite_images\1766600075.jpg
5151900110,satellite_images\5151900110.jpg
4046500160,satellite_images\4046500160.jpg
1820069019,satellite_images\1820069019.jpg
3388000040,satellite_images\3388000040.jpg
7016100570,satellite_images\7016100570.jpg
5036300575,satellite_images\5036300575.jpg
9334800140,satellite_images\9334800140.jpg
8653900150,satellite_images\8653900150.jpg
8562750220,satellite_images\8562750220.jpg
9315100210,satellite_images\9315100210.jpg
6145600040,satellite_images\6145600040.jpg
2929600020,satellite_images\2929600020.jpg
7374600060,satellite_images\7374600060.jpg
5351200280,satellite_images\5351200280.jpg
7942601475,satellite_images\7942601475.jpg
9528104985,satellite_images\9528104985.jpg
8656300385,satellite_images\8656300385.jpg
8562780530,satellite_images\8562780530.jpg
4022900837,satellite_images\4022900837.jpg
3028200100,satellite_images\3028200100.jpg
7338220200,satellite_images\7338220200.jpg
7010700292,satellite_images\7010700292.jpg
7896300070,satellite_images\7896300070.jpg
6613000375,satellite_images\6613000375.jpg
6056111067,satellite_images\6056111067.jpg
6344000060,satellite_images\6344000060.jpg
3375800220,satellite_images\3375800220.jpg
2526059046,satellite_images\2526059046.jpg
3224500240,satellite_images\3224500240.jpg
2112700030,satellite_images\2112700030.jpg
6917700650,satellite_images\6917700650.jpg
3644100065,satellite_images\3644100065.jpg
8682301050,satellite_images\8682301050.jpg
476000324,satellite_images\476000324.jpg
1954630080,satellite_images\1954630080.jpg
1526079026,satellite_images\1526079026.jpg
7151700360,satellite_images\7151700360.jpg
8137500400,satellite_images\8137500400.jpg
8678500020,satellite_images\8678500020.jpg
3876313100,satellite_images\3876313100.jpg
8682291720,satellite_images\8682291720.jpg
3361402066,satellite_images\3361402066.jpg
1274500300,satellite_images\1274500300.jpg
3094000210,satellite_images\3094000210.jpg
6648760150,satellite_images\6648760150.jpg
9808700370,satellite_images\9808700370.jpg
221029019,satellite_images\221029019.jpg
7133300044,satellite_images\7133300044.jpg
8718500560,satellite_images\8718500560.jpg
2473370870,satellite_images\2473370870.jpg
1921059235,satellite_images\1921059235.jpg
6411600026,satellite_images\6411600026.jpg
6021502470,satellite_images\6021502470.jpg
9455200205,satellite_images\9455200205.jpg
2911000100,satellite_images\2911000100.jpg
2372800050,satellite_images\2372800050.jpg
9238440020,satellite_images\9238440020.jpg
423059184,satellite_images\423059184.jpg
3856904825,satellite_images\3856904825.jpg
5458800125,satellite_images\5458800125.jpg
7527200110,satellite_images\7527200110.jpg
2767604067,satellite_images\2767604067.jpg
7502800030,satellite_images\7502800030.jpg
1438000190,satellite_images\1438000190.jpg
7697000020,satellite_images\7697000020.jpg
2991000220,satellite_images\2991000220.jpg
7237501190,satellite_images\7237501190.jpg
7326200030,satellite_images\7326200030.jpg
1041500020,satellite_images\1041500020.jpg
1245003255,satellite_images\1245003255.jpg
1138010180,satellite_images\1138010180.jpg
629000704,satellite_images\629000704.jpg
1563102685,satellite_images\1563102685.jpg
4123800270,satellite_images\4123800270.jpg
6076500220,satellite_images\6076500220.jpg
8701600030,satellite_images\8701600030.jpg
2425049061,satellite_images\2425049061.jpg
3630120480,satellite_images\3630120480.jpg
5035300834,satellite_images\5035300834.jpg
7942100310,satellite_images\7942100310.jpg
2426039247,satellite_images\2426039247.jpg
6870300090,satellite_images\6870300090.jpg
9178600560,satellite_images\9178600560.jpg
7923600250,satellite_images\7923600250.jpg
3834500417,satellite_images\3834500417.jpg
3260570260,satellite_images\3260570260.jpg
2731600045,satellite_images\2731600045.jpg
1549500272,satellite_images\1549500272.jpg
9376301111,satellite_images\9376301111.jpg
2212900920,satellite_images\2212900920.jpg
9521100866,satellite_images\9521100866.jpg
5087900040,satellite_images\5087900040.jpg
2813100100,satellite_images\2813100100.jpg
6071300180,satellite_images\6071300180.jpg
3423049269,satellite_images\3423049269.jpg
8718500260,satellite_images\8718500260.jpg
9485950060,satellite_images\9485950060.jpg
8712100320,satellite_images\8712100320.jpg
3295710150,satellite_images\3295710150.jpg
7609700065,satellite_images\7609700065.jpg
9406600050,satellite_images\9406600050.jpg
9385200042,satellite_images\9385200042.jpg
2923049468,satellite_images\2923049468.jpg
2592210370,satellite_images\2592210370.jpg
2587920110,satellite_images\2587920110.jpg
4123810210,satellite_images\4123810210.jpg
2130700860,satellite_images\2130700860.jpg
3323069045,satellite_images\3323069045.jpg
257000138,satellite_images\257000138.jpg
7855300200,satellite_images\7855300200.jpg
2523069146,satellite_images\2523069146.jpg
6738700275,satellite_images\6738700275.jpg
2131200925,satellite_images\2131200925.jpg
2953000090,satellite_images\2953000090.jpg
1563103040,satellite_images\1563103040.jpg
1062100095,satellite_images\1062100095.jpg
1202000200,satellite_images\1202000200.jpg
6666830230,satellite_images\6666830230.jpg
8691390860,satellite_images\8691390860.jpg
1461200040,satellite_images\1461200040.jpg
7202340450,satellite_images\7202340450.jpg
1453602360,satellite_images\1453602360.jpg
5416500520,satellite_images\5416500520.jpg
9524100196,satellite_images\9524100196.jpg
3575305452,satellite_images\3575305452.jpg
6619900120,satellite_images\6619900120.jpg
226039279,satellite_images\226039279.jpg
8825900465,satellite_images\8825900465.jpg
7504020960,satellite_images\7504020960.jpg
5437820310,satellite_images\5437820310.jpg
123039376,satellite_images\123039376.jpg
2821079081,satellite_images\2821079081.jpg
3222069156,satellite_images\3222069156.jpg
2071700010,satellite_images\2071700010.jpg
3459000020,satellite_images\3459000020.jpg
3278604400,satellite_images\3278604400.jpg
1442800400,satellite_images\1442800400.jpg
3630220220,satellite_images\3630220220.jpg
8029500180,satellite_images\8029500180.jpg
7852020340,satellite_images\7852020340.jpg
2407900550,satellite_images\2407900550.jpg
7010700976,satellite_images\7010700976.jpg
3303860460,satellite_images\3303860460.jpg
3830210230,satellite_images\3830210230.jpg
9834201367,satellite_images\9834201367.jpg
2481610050,satellite_images\2481610050.jpg
1720069075,satellite_images\1720069075.jpg
4233400400,satellite_images\4233400400.jpg
4202400395,satellite_images\4202400395.jpg
236400130,satellite_images\236400130.jpg
7605800090,satellite_images\7605800090.jpg
7129303045,satellite_images\7129303045.jpg
5100403636,satellite_images\5100403636.jpg
7147600225,satellite_images\7147600225.jpg
3579700080,satellite_images\3579700080.jpg
7436050170,satellite_images\7436050170.jpg
920069053,satellite_images\920069053.jpg
293000165,satellite_images\293000165.jpg
8934100125,satellite_images\8934100125.jpg
3298700671,satellite_images\3298700671.jpg
1172000135,satellite_images\1172000135.jpg
6386200100,satellite_images\6386200100.jpg
6383500295,satellite_images\6383500295.jpg
3057000070,satellite_images\3057000070.jpg
1736800740,satellite_images\1736800740.jpg
9541600295,satellite_images\9541600295.jpg
6379500216,satellite_images\6379500216.jpg
5636000400,satellite_images\5636000400.jpg
2215900410,satellite_images\2215900410.jpg
9828702095,satellite_images\9828702095.jpg
6056110430,satellite_images\6056110430.jpg
4193500140,satellite_images\4193500140.jpg
8914200220,satellite_images\8914200220.jpg
9413600010,satellite_images\9413600010.jpg
2202500025,satellite_images\2202500025.jpg
1121000414,satellite_images\1121000414.jpg
4345300180,satellite_images\4345300180.jpg
5101401816,satellite_images\5101401816.jpg
3342700405,satellite_images\3342700405.jpg
3625059152,satellite_images\3625059152.jpg
1072000400,satellite_images\1072000400.jpg
9818700320,satellite_images\9818700320.jpg
7697920060,satellite_images\7697920060.jpg
1432400570,satellite_images\1432400570.jpg
8665050490,satellite_images\8665050490.jpg
2113700780,satellite_images\2113700780.jpg
2887700970,satellite_images\2887700970.jpg
1430800191,satellite_images\1430800191.jpg
5469650040,satellite_images\5469650040.jpg
7549800045,satellite_images\7549800045.jpg
7646900360,satellite_images\7646900360.jpg
7225000215,satellite_images\7225000215.jpg
7312200120,satellite_images\7312200120.jpg
8673400086,satellite_images\8673400086.jpg
9358000780,satellite_images\9358000780.jpg
2887703186,satellite_images\2887703186.jpg
7504460090,satellite_images\7504460090.jpg
3332000061,satellite_images\3332000061.jpg
7857000716,satellite_images\7857000716.jpg
3822200105,satellite_images\3822200105.jpg
3361401977,satellite_images\3361401977.jpg
7795400046,satellite_images\7795400046.jpg
8861000095,satellite_images\8861000095.jpg
6372000190,satellite_images\6372000190.jpg
2426039123,satellite_images\2426039123.jpg
739800070,satellite_images\739800070.jpg
1193000220,satellite_images\1193000220.jpg
2268000470,satellite_images\2268000470.jpg
8045000180,satellite_images\8045000180.jpg
7574910780,satellite_images\7574910780.jpg
8857640170,satellite_images\8857640170.jpg
2726079061,satellite_images\2726079061.jpg
8121500060,satellite_images\8121500060.jpg
9232400055,satellite_images\9232400055.jpg
7518505610,satellite_images\7518505610.jpg
2397100705,satellite_images\2397100705.jpg
2768100180,satellite_images\2768100180.jpg
2767604425,satellite_images\2767604425.jpg
5525400430,satellite_images\5525400430.jpg
7234601440,satellite_images\7234601440.jpg
3422059249,satellite_images\3422059249.jpg
4157600180,satellite_images\4157600180.jpg
5702500050,satellite_images\5702500050.jpg
3598600049,satellite_images\3598600049.jpg
7880010150,satellite_images\7880010150.jpg
726049331,satellite_images\726049331.jpg
5100404761,satellite_images\5100404761.jpg
3677400445,satellite_images\3677400445.jpg
6929604005,satellite_images\6929604005.jpg
9320600020,satellite_images\9320600020.jpg
11520370,satellite_images\11520370.jpg
1964700054,satellite_images\1964700054.jpg
3279000070,satellite_images\3279000070.jpg
3723800414,satellite_images\3723800414.jpg
1424059154,satellite_images\1424059154.jpg
8850000018,satellite_images\8850000018.jpg
9477940390,satellite_images\9477940390.jpg
4037700285,satellite_images\4037700285.jpg
2767600673,satellite_images\2767600673.jpg
2215902010,satellite_images\2215902010.jpg
7410200431,satellite_images\7410200431.jpg
5536100005,satellite_images\5536100005.jpg
4450700010,satellite_images\4450700010.jpg
2783100050,satellite_images\2783100050.jpg
7871500485,satellite_images\7871500485.jpg
1125069134,satellite_images\1125069134.jpg
2025700080,satellite_images\2025700080.jpg
2522059112,satellite_images\2522059112.jpg
1153000040,satellite_images\1153000040.jpg
7229800175,satellite_images\7229800175.jpg
5637500082,satellite_images\5637500082.jpg
1862910050,satellite_images\1862910050.jpg
9244900248,satellite_images\9244900248.jpg
3841600220,satellite_images\3841600220.jpg
1066100260,satellite_images\1066100260.jpg
8073000495,satellite_images\8073000495.jpg
2475400120,satellite_images\2475400120.jpg
6381500110,satellite_images\6381500110.jpg
3797000330,satellite_images\3797000330.jpg
4438400050,satellite_images\4438400050.jpg
3874010220,satellite_images\3874010220.jpg
1446400670,satellite_images\1446400670.jpg
1591600676,satellite_images\1591600676.jpg
7305300470,satellite_images\7305300470.jpg
7215730730,satellite_images\7215730730.jpg
3388110230,satellite_images\3388110230.jpg
7923300285,satellite_images\7923300285.jpg
1503200050,satellite_images\1503200050.jpg
3575200030,satellite_images\3575200030.jpg
1207200010,satellite_images\1207200010.jpg
925049278,satellite_images\925049278.jpg
6632300161,satellite_images\6632300161.jpg
5739600427,satellite_images\5739600427.jpg
5249800729,satellite_images\5249800729.jpg
2457200040,satellite_images\2457200040.jpg
2026049124,satellite_images\2026049124.jpg
3761100276,satellite_images\3761100276.jpg
5078400090,satellite_images\5078400090.jpg
2767603255,satellite_images\2767603255.jpg
7689600630,satellite_images\7689600630.jpg
3668000670,satellite_images\3668000670.jpg
510000050,satellite_images\510000050.jpg
5595900316,satellite_images\5595900316.jpg
1081200350,satellite_images\1081200350.jpg
2004100075,satellite_images\2004100075.jpg
3526039193,satellite_images\3526039193.jpg
4019301300,satellite_images\4019301300.jpg
1565950670,satellite_images\1565950670.jpg
5101405067,satellite_images\5101405067.jpg
7436900060,satellite_images\7436900060.jpg
2597300020,satellite_images\2597300020.jpg
2068500210,satellite_images\2068500210.jpg
9406520550,satellite_images\9406520550.jpg
148000705,satellite_images\148000705.jpg
7504101040,satellite_images\7504101040.jpg
5093300280,satellite_images\5093300280.jpg
7852120050,satellite_images\7852120050.jpg
1310440590,satellite_images\1310440590.jpg
6385260160,satellite_images\6385260160.jpg
8860300300,satellite_images\8860300300.jpg
1555300010,satellite_images\1555300010.jpg
6646200090,satellite_images\6646200090.jpg
2267000485,satellite_images\2267000485.jpg
7923500090,satellite_images\7923500090.jpg
1472330030,satellite_images\1472330030.jpg
6868200060,satellite_images\6868200060.jpg
5560000540,satellite_images\5560000540.jpg
9329300040,satellite_images\9329300040.jpg
123059042,satellite_images\123059042.jpg
2877104175,satellite_images\2877104175.jpg
807800020,satellite_images\807800020.jpg
8021700725,satellite_images\8021700725.jpg
1102000237,satellite_images\1102000237.jpg
3905100310,satellite_images\3905100310.jpg
8648900110,satellite_images\8648900110.jpg
3296900130,satellite_images\3296900130.jpg
3333002790,satellite_images\3333002790.jpg
3034200366,satellite_images\3034200366.jpg
1515910290,satellite_images\1515910290.jpg
3448000270,satellite_images\3448000270.jpg
8029600400,satellite_images\8029600400.jpg
4206901200,satellite_images\4206901200.jpg
1954440060,satellite_images\1954440060.jpg
5115000100,satellite_images\5115000100.jpg
9346700150,satellite_images\9346700150.jpg
5469300270,satellite_images\5469300270.jpg
7227800040,satellite_images\7227800040.jpg
3066410850,satellite_images\3066410850.jpg
9828702895,satellite_images\9828702895.jpg
7203101610,satellite_images\7203101610.jpg
1370800680,satellite_images\1370800680.jpg
6371000148,satellite_images\6371000148.jpg
3905040220,satellite_images\3905040220.jpg
7211401610,satellite_images\7211401610.jpg
1023059465,satellite_images\1023059465.jpg
9412200660,satellite_images\9412200660.jpg
5317100530,satellite_images\5317100530.jpg
3222049044,satellite_images\3222049044.jpg
3501600135,satellite_images\3501600135.jpg
7982600030,satellite_images\7982600030.jpg
3814700200,satellite_images\3814700200.jpg
6114400028,satellite_images\6114400028.jpg
2473002080,satellite_images\2473002080.jpg
8647800040,satellite_images\8647800040.jpg
4123840570,satellite_images\4123840570.jpg
8570900023,satellite_images\8570900023.jpg
7625702444,satellite_images\7625702444.jpg
7518503490,satellite_images\7518503490.jpg
2570600140,satellite_images\2570600140.jpg
7446500010,satellite_images\7446500010.jpg
9558020460,satellite_images\9558020460.jpg
7856410030,satellite_images\7856410030.jpg
2201500185,satellite_images\2201500185.jpg
5095400760,satellite_images\5095400760.jpg
6675500082,satellite_images\6675500082.jpg
9189700045,satellite_images\9189700045.jpg
6087100070,satellite_images\6087100070.jpg
4055700378,satellite_images\4055700378.jpg
1982200675,satellite_images\1982200675.jpg
4083300098,satellite_images\4083300098.jpg
7710100083,satellite_images\7710100083.jpg
8898701340,satellite_images\8898701340.jpg
2025049025,satellite_images\2025049025.jpg
3905040070,satellite_images\3905040070.jpg
8133700020,satellite_images\8133700020.jpg
2582500110,satellite_images\2582500110.jpg
6909700205,satellite_images\6909700205.jpg
6873000150,satellite_images\6873000150.jpg
304100090,satellite_images\304100090.jpg
251610020,satellite_images\251610020.jpg
621069074,satellite_images\621069074.jpg
9485910100,satellite_images\9485910100.jpg
3582750170,satellite_images\3582750170.jpg
2025049028,satellite_images\2025049028.jpg
9151600695,satellite_images\9151600695.jpg
98020630,satellite_images\98020630.jpg
7855801090,satellite_images\7855801090.jpg
1223089081,satellite_images\1223089081.jpg
3488300110,satellite_images\3488300110.jpg
7519001321,satellite_images\7519001321.jpg
1823049144,satellite_images\1823049144.jpg
1901600095,satellite_images\1901600095.jpg
321079066,satellite_images\321079066.jpg
2916600110,satellite_images\2916600110.jpg
7503000020,satellite_images\7503000020.jpg
2909310100,satellite_images\2909310100.jpg
415100085,satellite_images\415100085.jpg
7649900175,satellite_images\7649900175.jpg
2197600388,satellite_images\2197600388.jpg
9542100085,satellite_images\9542100085.jpg
4139470010,satellite_images\4139470010.jpg
7935000450,satellite_images\7935000450.jpg
4379400220,satellite_images\4379400220.jpg
126059021,satellite_images\126059021.jpg
8155750010,satellite_images\8155750010.jpg
9358000650,satellite_images\9358000650.jpg
7349800780,satellite_images\7349800780.jpg
7550801206,satellite_images\7550801206.jpg
7749500370,satellite_images\7749500370.jpg
9525100040,satellite_images\9525100040.jpg
2597490300,satellite_images\2597490300.jpg
236400320,satellite_images\236400320.jpg
6430500186,satellite_images\6430500186.jpg
2113700790,satellite_images\2113700790.jpg
194000505,satellite_images\194000505.jpg
9202500150,satellite_images\9202500150.jpg
7575500080,satellite_images\7575500080.jpg
3226049267,satellite_images\3226049267.jpg
3294700320,satellite_images\3294700320.jpg
7811100100,satellite_images\7811100100.jpg
9510930350,satellite_images\9510930350.jpg
9554200105,satellite_images\9554200105.jpg
5014000225,satellite_images\5014000225.jpg
476000110,satellite_images\476000110.jpg
8146300205,satellite_images\8146300205.jpg
823069074,satellite_images\823069074.jpg
5153200150,satellite_images\5153200150.jpg
2130702075,satellite_images\2130702075.jpg
9476200290,satellite_images\9476200290.jpg
2323069053,satellite_images\2323069053.jpg
1137800460,satellite_images\1137800460.jpg
3528000310,satellite_images\3528000310.jpg
3581100330,satellite_images\3581100330.jpg
6632300040,satellite_images\6632300040.jpg
2124069078,satellite_images\2124069078.jpg
301401610,satellite_images\301401610.jpg
764000155,satellite_images\764000155.jpg
1036000080,satellite_images\1036000080.jpg
2895600420,satellite_images\2895600420.jpg
1338801019,satellite_images\1338801019.jpg
225079036,satellite_images\225079036.jpg
325059171,satellite_images\325059171.jpg
3992700335,satellite_images\3992700335.jpg
686300930,satellite_images\686300930.jpg
6354000050,satellite_images\6354000050.jpg
7986401275,satellite_images\7986401275.jpg
3126069068,satellite_images\3126069068.jpg
6669010290,satellite_images\6669010290.jpg
1646500365,satellite_images\1646500365.jpg
722059002,satellite_images\722059002.jpg
8651410120,satellite_images\8651410120.jpg
814000020,satellite_images\814000020.jpg
711000070,satellite_images\711000070.jpg
2589300170,satellite_images\2589300170.jpg
8965500880,satellite_images\8965500880.jpg
2954400310,satellite_images\2954400310.jpg
9188200570,satellite_images\9188200570.jpg
7229700105,satellite_images\7229700105.jpg
5608000190,satellite_images\5608000190.jpg
7660600131,satellite_images\7660600131.jpg
5151600390,satellite_images\5151600390.jpg
4191400090,satellite_images\4191400090.jpg
2856101290,satellite_images\2856101290.jpg
8146300025,satellite_images\8146300025.jpg
1246700152,satellite_images\1246700152.jpg
3213200314,satellite_images\3213200314.jpg
1545801850,satellite_images\1545801850.jpg
6430500191,satellite_images\6430500191.jpg
1112700170,satellite_images\1112700170.jpg
8731901940,satellite_images\8731901940.jpg
3330500925,satellite_images\3330500925.jpg
1868903130,satellite_images\1868903130.jpg
3814900210,satellite_images\3814900210.jpg
6613000930,satellite_images\6613000930.jpg
1355200060,satellite_images\1355200060.jpg
5126310470,satellite_images\5126310470.jpg
1643500072,satellite_images\1643500072.jpg
9266700295,satellite_images\9266700295.jpg
3904910010,satellite_images\3904910010.jpg
8091410080,satellite_images\8091410080.jpg
6848200018,satellite_images\6848200018.jpg
1529300410,satellite_images\1529300410.jpg
685000265,satellite_images\685000265.jpg
6123600090,satellite_images\6123600090.jpg
2322059039,satellite_images\2322059039.jpg
3179100435,satellite_images\3179100435.jpg
1402950450,satellite_images\1402950450.jpg
1355300009,satellite_images\1355300009.jpg
65000210,satellite_images\65000210.jpg
2767600921,satellite_images\2767600921.jpg
3023049143,satellite_images\3023049143.jpg
1937300280,satellite_images\1937300280.jpg
2896400170,satellite_images\2896400170.jpg
2695600005,satellite_images\2695600005.jpg
1137600190,satellite_images\1137600190.jpg
7849202220,satellite_images\7849202220.jpg
7937600830,satellite_images\7937600830.jpg
7702600949,satellite_images\7702600949.jpg
7812800515,satellite_images\7812800515.jpg
1828000620,satellite_images\1828000620.jpg
8567300270,satellite_images\8567300270.jpg
1254201106,satellite_images\1254201106.jpg
3582900310,satellite_images\3582900310.jpg
2722059183,satellite_images\2722059183.jpg
3630080030,satellite_images\3630080030.jpg
402000110,satellite_images\402000110.jpg
7203102080,satellite_images\7203102080.jpg
7304300430,satellite_images\7304300430.jpg
2597520580,satellite_images\2597520580.jpg
3797000290,satellite_images\3797000290.jpg
5448300150,satellite_images\5448300150.jpg
8562790580,satellite_images\8562790580.jpg
3395040440,satellite_images\3395040440.jpg
8825900410,satellite_images\8825900410.jpg
8731960050,satellite_images\8731960050.jpg
1568100295,satellite_images\1568100295.jpg
148000590,satellite_images\148000590.jpg
7135300026,satellite_images\7135300026.jpg
3223059123,satellite_images\3223059123.jpg
2624049050,satellite_images\2624049050.jpg
1521049156,satellite_images\1521049156.jpg
3320000810,satellite_images\3320000810.jpg
925059137,satellite_images\925059137.jpg
856000635,satellite_images\856000635.jpg
3832600080,satellite_images\3832600080.jpg
3732800525,satellite_images\3732800525.jpg
8562000010,satellite_images\8562000010.jpg
2725069156,satellite_images\2725069156.jpg
7663700261,satellite_images\7663700261.jpg
6791100280,satellite_images\6791100280.jpg
7967000060,satellite_images\7967000060.jpg
2485000076,satellite_images\2485000076.jpg
3096000040,satellite_images\3096000040.jpg
4322500055,satellite_images\4322500055.jpg
3592500340,satellite_images\3592500340.jpg
1137301780,satellite_images\1137301780.jpg
2553300270,satellite_images\2553300270.jpg
4459800100,satellite_images\4459800100.jpg
6056111350,satellite_images\6056111350.jpg
2288000090,satellite_images\2288000090.jpg
6071900070,satellite_images\6071900070.jpg
4206901435,satellite_images\4206901435.jpg
7140200450,satellite_images\7140200450.jpg
1682000350,satellite_images\1682000350.jpg
2251500270,satellite_images\2251500270.jpg
5451200280,satellite_images\5451200280.jpg
98020480,satellite_images\98020480.jpg
6788201781,satellite_images\6788201781.jpg
3779300210,satellite_images\3779300210.jpg
327000050,satellite_images\327000050.jpg
5018200155,satellite_images\5018200155.jpg
1422200496,satellite_images\1422200496.jpg
7852000110,satellite_images\7852000110.jpg
1853081250,satellite_images\1853081250.jpg
408100050,satellite_images\408100050.jpg
3624039183,satellite_images\3624039183.jpg
8141200080,satellite_images\8141200080.jpg
5104510240,satellite_images\5104510240.jpg
2558600060,satellite_images\2558600060.jpg
7137800085,satellite_images\7137800085.jpg
3019300050,satellite_images\3019300050.jpg
6381502155,satellite_images\6381502155.jpg
9517200030,satellite_images\9517200030.jpg
3592500565,satellite_images\3592500565.jpg
4136950070,satellite_images\4136950070.jpg
2771602174,satellite_images\2771602174.jpg
5461300150,satellite_images\5461300150.jpg
3352400330,satellite_images\3352400330.jpg
9406520580,satellite_images\9406520580.jpg
6430000070,satellite_images\6430000070.jpg
1036400110,satellite_images\1036400110.jpg
5469500180,satellite_images\5469500180.jpg
7129301001,satellite_images\7129301001.jpg
7524950710,satellite_images\7524950710.jpg
3931900295,satellite_images\3931900295.jpg
2652500795,satellite_images\2652500795.jpg
1311000600,satellite_images\1311000600.jpg
4217400305,satellite_images\4217400305.jpg
1705400244,satellite_images\1705400244.jpg
3037200141,satellite_images\3037200141.jpg
424069279,satellite_images\424069279.jpg
7200080,satellite_images\7200080.jpg
3530540090,satellite_images\3530540090.jpg
1625069101,satellite_images\1625069101.jpg
4441300240,satellite_images\4441300240.jpg
7579200765,satellite_images\7579200765.jpg
1549500370,satellite_images\1549500370.jpg
3886902615,satellite_images\3886902615.jpg
7974700112,satellite_images\7974700112.jpg
7979900430,satellite_images\7979900430.jpg
7893808220,satellite_images\7893808220.jpg
7853380570,satellite_images\7853380570.jpg
3905081520,satellite_images\3905081520.jpg
1552520070,satellite_images\1552520070.jpg
399000195,satellite_images\399000195.jpg
9828702649,satellite_images\9828702649.jpg
259801110,satellite_images\259801110.jpg
7749500970,satellite_images\7749500970.jpg
8562740530,satellite_images\8562740530.jpg
7299601870,satellite_images\7299601870.jpg
6414100721,satellite_images\6414100721.jpg
2250000010,satellite_images\2250000010.jpg
2724200705,satellite_images\2724200705.jpg
2862500060,satellite_images\2862500060.jpg
7977201910,satellite_images\7977201910.jpg
7604400114,satellite_images\7604400114.jpg
2968801605,satellite_images\2968801605.jpg
2525049086,satellite_images\2525049086.jpg
5700002020,satellite_images\5700002020.jpg
8146300180,satellite_images\8146300180.jpg
1032000079,satellite_images\1032000079.jpg
2946003580,satellite_images\2946003580.jpg
8662500350,satellite_images\8662500350.jpg
2493200455,satellite_images\2493200455.jpg
259601100,satellite_images\259601100.jpg
7525410060,satellite_images\7525410060.jpg
1946000100,satellite_images\1946000100.jpg
439000090,satellite_images\439000090.jpg
5035300750,satellite_images\5035300750.jpg
2201500440,satellite_images\2201500440.jpg
3528900086,satellite_images\3528900086.jpg
5201810060,satellite_images\5201810060.jpg
3275730110,satellite_images\3275730110.jpg
3056800160,satellite_images\3056800160.jpg
3278605550,satellite_images\3278605550.jpg
121029034,satellite_images\121029034.jpg
2332700081,satellite_images\2332700081.jpg
3500100078,satellite_images\3500100078.jpg
4335000145,satellite_images\4335000145.jpg
3825500020,satellite_images\3825500020.jpg
2862100366,satellite_images\2862100366.jpg
5676000004,satellite_images\5676000004.jpg
1545801500,satellite_images\1545801500.jpg
6929602605,satellite_images\6929602605.jpg
5592200010,satellite_images\5592200010.jpg
9126101645,satellite_images\9126101645.jpg
9834200305,satellite_images\9834200305.jpg
644000185,satellite_images\644000185.jpg
8024201503,satellite_images\8024201503.jpg
4047200655,satellite_images\4047200655.jpg
3271300365,satellite_images\3271300365.jpg
9346920070,satellite_images\9346920070.jpg
4037400280,satellite_images\4037400280.jpg
3205400290,satellite_images\3205400290.jpg
322059095,satellite_images\322059095.jpg
3625059071,satellite_images\3625059071.jpg
1525059020,satellite_images\1525059020.jpg
8091411040,satellite_images\8091411040.jpg
4094800260,satellite_images\4094800260.jpg
6064800550,satellite_images\6064800550.jpg
9828701085,satellite_images\9828701085.jpg
427000065,satellite_images\427000065.jpg
7987400475,satellite_images\7987400475.jpg
321059059,satellite_images\321059059.jpg
8820903080,satellite_images\8820903080.jpg
9547200460,satellite_images\9547200460.jpg
3971701455,satellite_images\3971701455.jpg
1685200020,satellite_images\1685200020.jpg
2461900790,satellite_images\2461900790.jpg
4092300211,satellite_images\4092300211.jpg
8648100030,satellite_images\8648100030.jpg
2124049254,satellite_images\2124049254.jpg
1370800940,satellite_images\1370800940.jpg
2207500695,satellite_images\2207500695.jpg
3663500060,satellite_images\3663500060.jpg
1939120540,satellite_images\1939120540.jpg
9828702389,satellite_images\9828702389.jpg
1840300100,satellite_images\1840300100.jpg
687600010,satellite_images\687600010.jpg
3343901234,satellite_images\3343901234.jpg
9573120260,satellite_images\9573120260.jpg
8570900038,satellite_images\8570900038.jpg
3021059175,satellite_images\3021059175.jpg
1121039105,satellite_images\1121039105.jpg
3052700245,satellite_images\3052700245.jpg
3664500133,satellite_images\3664500133.jpg
114100297,satellite_images\114100297.jpg
5029450290,satellite_images\5029450290.jpg
8562770050,satellite_images\8562770050.jpg
7787110510,satellite_images\7787110510.jpg
8121100415,satellite_images\8121100415.jpg
9547205260,satellite_images\9547205260.jpg
4083300070,satellite_images\4083300070.jpg
3275750290,satellite_images\3275750290.jpg
7399300860,satellite_images\7399300860.jpg
6414100671,satellite_images\6414100671.jpg
2649500155,satellite_images\2649500155.jpg
1232001480,satellite_images\1232001480.jpg
8864000425,satellite_images\8864000425.jpg
5104530770,satellite_images\5104530770.jpg
7853321260,satellite_images\7853321260.jpg
2405500050,satellite_images\2405500050.jpg
5315100806,satellite_images\5315100806.jpg
1604601155,satellite_images\1604601155.jpg
1549500585,satellite_images\1549500585.jpg
748000145,satellite_images\748000145.jpg
7522600030,satellite_images\7522600030.jpg
3897100060,satellite_images\3897100060.jpg
2190600243,satellite_images\2190600243.jpg
1556200145,satellite_images\1556200145.jpg
2008000130,satellite_images\2008000130.jpg
6204200340,satellite_images\6204200340.jpg
7300400060,satellite_images\7300400060.jpg
194000565,satellite_images\194000565.jpg
1117000150,satellite_images\1117000150.jpg
8129700644,satellite_images\8129700644.jpg
835000055,satellite_images\835000055.jpg
8651400680,satellite_images\8651400680.jpg
9510860560,satellite_images\9510860560.jpg
2215901190,satellite_images\2215901190.jpg
6873000120,satellite_images\6873000120.jpg
4140930010,satellite_images\4140930010.jpg
1152700090,satellite_images\1152700090.jpg
7430500301,satellite_images\7430500301.jpg
5547700270,satellite_images\5547700270.jpg
6679000370,satellite_images\6679000370.jpg
8106100085,satellite_images\8106100085.jpg
3278605570,satellite_images\3278605570.jpg
3543900418,satellite_images\3543900418.jpg
5100403754,satellite_images\5100403754.jpg
1328330190,satellite_images\1328330190.jpg
5216200090,satellite_images\5216200090.jpg
2423600100,satellite_images\2423600100.jpg
1422059129,satellite_images\1422059129.jpg
6149700191,satellite_images\6149700191.jpg
5457300703,satellite_images\5457300703.jpg
3630200300,satellite_images\3630200300.jpg
7788000100,satellite_images\7788000100.jpg
7129304225,satellite_images\7129304225.jpg
8731950910,satellite_images\8731950910.jpg
7211400506,satellite_images\7211400506.jpg
2325400330,satellite_images\2325400330.jpg
5702450260,satellite_images\5702450260.jpg
9346960050,satellite_images\9346960050.jpg
2592400470,satellite_images\2592400470.jpg
1311030430,satellite_images\1311030430.jpg
3876311860,satellite_images\3876311860.jpg
5729000080,satellite_images\5729000080.jpg
4391600065,satellite_images\4391600065.jpg
1042700060,satellite_images\1042700060.jpg
7230000265,satellite_images\7230000265.jpg
2787311110,satellite_images\2787311110.jpg
4253400098,satellite_images\4253400098.jpg
2314300170,satellite_images\2314300170.jpg
629420100,satellite_images\629420100.jpg
7625703260,satellite_images\7625703260.jpg
9524100322,satellite_images\9524100322.jpg
109200140,satellite_images\109200140.jpg
1806900502,satellite_images\1806900502.jpg
4024101670,satellite_images\4024101670.jpg
1951700480,satellite_images\1951700480.jpg
6326000130,satellite_images\6326000130.jpg
9324800220,satellite_images\9324800220.jpg
8563000250,satellite_images\8563000250.jpg
7579200767,satellite_images\7579200767.jpg
7957600075,satellite_images\7957600075.jpg
1777500060,satellite_images\1777500060.jpg
2972300140,satellite_images\2972300140.jpg
5469503280,satellite_images\5469503280.jpg
7304301300,satellite_images\7304301300.jpg
2473410360,satellite_images\2473410360.jpg
148000072,satellite_images\148000072.jpg
3881900321,satellite_images\3881900321.jpg
2158900095,satellite_images\2158900095.jpg
5244800125,satellite_images\5244800125.jpg
203900610,satellite_images\203900610.jpg
2436200320,satellite_images\2436200320.jpg
6411600411,satellite_images\6411600411.jpg
2558600130,satellite_images\2558600130.jpg
5536100020,satellite_images\5536100020.jpg
7899800905,satellite_images\7899800905.jpg
4204400339,satellite_images\4204400339.jpg
2395710010,satellite_images\2395710010.jpg
1795900210,satellite_images\1795900210.jpg
5253300387,satellite_images\5253300387.jpg
3885805325,satellite_images\3885805325.jpg
3840700205,satellite_images\3840700205.jpg
8159610030,satellite_images\8159610030.jpg
3760500240,satellite_images\3760500240.jpg
4136870110,satellite_images\4136870110.jpg
1775800740,satellite_images\1775800740.jpg
9406530160,satellite_images\9406530160.jpg
7276100020,satellite_images\7276100020.jpg
2767704603,satellite_images\2767704603.jpg
4123810140,satellite_images\4123810140.jpg
8960000030,satellite_images\8960000030.jpg
7625704340,satellite_images\7625704340.jpg
9528104345,satellite_images\9528104345.jpg
3324069058,satellite_images\3324069058.jpg
1081300370,satellite_images\1081300370.jpg
2787700580,satellite_images\2787700580.jpg
6623400356,satellite_images\6623400356.jpg
6300500477,satellite_images\6300500477.jpg
9542840570,satellite_images\9542840570.jpg
3123049131,satellite_images\3123049131.jpg
2895730070,satellite_images\2895730070.jpg
7224000950,satellite_images\7224000950.jpg
2771101964,satellite_images\2771101964.jpg
9165100230,satellite_images\9165100230.jpg
2225059240,satellite_images\2225059240.jpg
7205510230,satellite_images\7205510230.jpg
2114300290,satellite_images\2114300290.jpg
9158100116,satellite_images\9158100116.jpg
3885808005,satellite_images\3885808005.jpg
2770604104,satellite_images\2770604104.jpg
3904901330,satellite_images\3904901330.jpg
7212650510,satellite_images\7212650510.jpg
2616700560,satellite_images\2616700560.jpg
3395800455,satellite_images\3395800455.jpg
5437400100,satellite_images\5437400100.jpg
1214700090,satellite_images\1214700090.jpg
2591010150,satellite_images\2591010150.jpg
3278606110,satellite_images\3278606110.jpg
7504010570,satellite_images\7504010570.jpg
952000495,satellite_images\952000495.jpg
7809200035,satellite_images\7809200035.jpg
9505100035,satellite_images\9505100035.jpg
4047200820,satellite_images\4047200820.jpg
1460900030,satellite_images\1460900030.jpg
7853280250,satellite_images\7853280250.jpg
4389201075,satellite_images\4389201075.jpg
472000895,satellite_images\472000895.jpg
1545804340,satellite_images\1545804340.jpg
7715800390,satellite_images\7715800390.jpg
1024069009,satellite_images\1024069009.jpg
2301400470,satellite_images\2301400470.jpg
1352300990,satellite_images\1352300990.jpg
3352400351,satellite_images\3352400351.jpg
8682281200,satellite_images\8682281200.jpg
9275702350,satellite_images\9275702350.jpg
3876311180,satellite_images\3876311180.jpg
3574750020,satellite_images\3574750020.jpg
993001961,satellite_images\993001961.jpg
1454100440,satellite_images\1454100440.jpg
1310980580,satellite_images\1310980580.jpg
3629920830,satellite_images\3629920830.jpg
3026059204,satellite_images\3026059204.jpg
3456000160,satellite_images\3456000160.jpg
3401700031,satellite_images\3401700031.jpg
880000005,satellite_images\880000005.jpg
3298400350,satellite_images\3298400350.jpg
1175000073,satellite_images\1175000073.jpg
1708400370,satellite_images\1708400370.jpg
8029770410,satellite_images\8029770410.jpg
2558640340,satellite_images\2558640340.jpg
5700001045,satellite_images\5700001045.jpg
4172100200,satellite_images\4172100200.jpg
3692900010,satellite_images\3692900010.jpg
7183000070,satellite_images\7183000070.jpg
2922703260,satellite_images\2922703260.jpg
6802210210,satellite_images\6802210210.jpg
3905040800,satellite_images\3905040800.jpg
624110810,satellite_images\624110810.jpg
7338000950,satellite_images\7338000950.jpg
7278700100,satellite_images\7278700100.jpg
1697000400,satellite_images\1697000400.jpg
7852150530,satellite_images\7852150530.jpg
7424700045,satellite_images\7424700045.jpg
9407100800,satellite_images\9407100800.jpg
2770604080,satellite_images\2770604080.jpg
9352900222,satellite_images\9352900222.jpg
9290850950,satellite_images\9290850950.jpg
1430800258,satellite_images\1430800258.jpg
1829300260,satellite_images\1829300260.jpg
3401700185,satellite_images\3401700185.jpg
8651442880,satellite_images\8651442880.jpg
7954300330,satellite_images\7954300330.jpg
98030630,satellite_images\98030630.jpg
5470100270,satellite_images\5470100270.jpg
1226039103,satellite_images\1226039103.jpg
3260570290,satellite_images\3260570290.jpg
2124069115,satellite_images\2124069115.jpg
2205500335,satellite_images\2205500335.jpg
3629920030,satellite_images\3629920030.jpg
4239400300,satellite_images\4239400300.jpg
1393800005,satellite_images\1393800005.jpg
3905080280,satellite_images\3905080280.jpg
3797000830,satellite_images\3797000830.jpg
5198600005,satellite_images\5198600005.jpg
1562000050,satellite_images\1562000050.jpg
1426079047,satellite_images\1426079047.jpg
3904960690,satellite_images\3904960690.jpg
3649100015,satellite_images\3649100015.jpg
518000040,satellite_images\518000040.jpg
4086300065,satellite_images\4086300065.jpg
1622049140,satellite_images\1622049140.jpg
8929000030,satellite_images\8929000030.jpg
11300120,satellite_images\11300120.jpg
7504110780,satellite_images\7504110780.jpg
2526059225,satellite_images\2526059225.jpg
4242900285,satellite_images\4242900285.jpg
9421500150,satellite_images\9421500150.jpg
8964800225,satellite_images\8964800225.jpg
3438500253,satellite_images\3438500253.jpg
3191000240,satellite_images\3191000240.jpg
293600080,satellite_images\293600080.jpg
1924059278,satellite_images\1924059278.jpg
4312700340,satellite_images\4312700340.jpg
8651443190,satellite_images\8651443190.jpg
1775800280,satellite_images\1775800280.jpg
1774000720,satellite_images\1774000720.jpg
5562100325,satellite_images\5562100325.jpg
809001400,satellite_images\809001400.jpg
7853370260,satellite_images\7853370260.jpg
925069042,satellite_images\925069042.jpg
1091310140,satellite_images\1091310140.jpg
3288301410,satellite_images\3288301410.jpg
809002030,satellite_images\809002030.jpg
6306810110,satellite_images\6306810110.jpg
5088500310,satellite_images\5088500310.jpg
2597690050,satellite_images\2597690050.jpg
1923099034,satellite_images\1923099034.jpg
2473410690,satellite_images\2473410690.jpg
7238000330,satellite_images\7238000330.jpg
2424410110,satellite_images\2424410110.jpg
3636800180,satellite_images\3636800180.jpg
2132200230,satellite_images\2132200230.jpg
3432500310,satellite_images\3432500310.jpg
1099611230,satellite_images\1099611230.jpg
170000215,satellite_images\170000215.jpg
9828702266,satellite_images\9828702266.jpg
2767603591,satellite_images\2767603591.jpg
1776230180,satellite_images\1776230180.jpg
937000220,satellite_images\937000220.jpg
6669240130,satellite_images\6669240130.jpg
7338402690,satellite_images\7338402690.jpg
1446401555,satellite_images\1446401555.jpg
5332200375,satellite_images\5332200375.jpg
1796381120,satellite_images\1796381120.jpg
4202400135,satellite_images\4202400135.jpg
9414610070,satellite_images\9414610070.jpg
9834200030,satellite_images\9834200030.jpg
8562790080,satellite_images\8562790080.jpg
7011201482,satellite_images\7011201482.jpg
3810000020,satellite_images\3810000020.jpg
9324800180,satellite_images\9324800180.jpg
1714900060,satellite_images\1714900060.jpg
1118000935,satellite_images\1118000935.jpg
1861100267,satellite_images\1861100267.jpg
7846200070,satellite_images\7846200070.jpg
1238501188,satellite_images\1238501188.jpg
1389310130,satellite_images\1389310130.jpg
9822700255,satellite_images\9822700255.jpg
3052700432,satellite_images\3052700432.jpg
9323600380,satellite_images\9323600380.jpg
5070000120,satellite_images\5070000120.jpg
7853310590,satellite_images\7853310590.jpg
6821101837,satellite_images\6821101837.jpg
2123049194,satellite_images\2123049194.jpg
2568200290,satellite_images\2568200290.jpg
1523049207,satellite_images\1523049207.jpg
4337600205,satellite_images\4337600205.jpg
9476010120,satellite_images\9476010120.jpg
6021501420,satellite_images\6021501420.jpg
782700150,satellite_images\782700150.jpg
7708200600,satellite_images\7708200600.jpg
3649100676,satellite_images\3649100676.jpg
3845101150,satellite_images\3845101150.jpg
1117200390,satellite_images\1117200390.jpg
5042300095,satellite_images\5042300095.jpg
924059233,satellite_images\924059233.jpg
9831200186,satellite_images\9831200186.jpg
7237501380,satellite_images\7237501380.jpg
2419700080,satellite_images\2419700080.jpg
8141300030,satellite_images\8141300030.jpg
7856640180,satellite_images\7856640180.jpg
4389200876,satellite_images\4389200876.jpg
8096800270,satellite_images\8096800270.jpg
1868900285,satellite_images\1868900285.jpg
6123000090,satellite_images\6123000090.jpg
9578090180,satellite_images\9578090180.jpg
2023049350,satellite_images\2023049350.jpg
8097000170,satellite_images\8097000170.jpg
623049273,satellite_images\623049273.jpg
4364700585,satellite_images\4364700585.jpg
3211100860,satellite_images\3211100860.jpg
6623400246,satellite_images\6623400246.jpg
6865200831,satellite_images\6865200831.jpg
6699940140,satellite_images\6699940140.jpg
6813600605,satellite_images\6813600605.jpg
3956100190,satellite_images\3956100190.jpg
4006000401,satellite_images\4006000401.jpg
4443801160,satellite_images\4443801160.jpg
7215720160,satellite_images\7215720160.jpg
6817801410,satellite_images\6817801410.jpg
7899800863,satellite_images\7899800863.jpg
2487700065,satellite_images\2487700065.jpg
5104512070,satellite_images\5104512070.jpg
3622069122,satellite_images\3622069122.jpg
9178601000,satellite_images\9178601000.jpg
6908200006,satellite_images\6908200006.jpg
8961800035,satellite_images\8961800035.jpg
7853210210,satellite_images\7853210210.jpg
5167000140,satellite_images\5167000140.jpg
644200040,satellite_images\644200040.jpg
3905080730,satellite_images\3905080730.jpg
3308030100,satellite_images\3308030100.jpg
8856004328,satellite_images\8856004328.jpg
6065300330,satellite_images\6065300330.jpg
225069016,satellite_images\225069016.jpg
9113200180,satellite_images\9113200180.jpg
2592400400,satellite_images\2592400400.jpg
7625704500,satellite_images\7625704500.jpg
1118001408,satellite_images\1118001408.jpg
5153200356,satellite_images\5153200356.jpg
8091670070,satellite_images\8091670070.jpg
4083300595,satellite_images\4083300595.jpg
2423039134,satellite_images\2423039134.jpg
322059326,satellite_images\322059326.jpg
2254501440,satellite_images\2254501440.jpg
1721059286,satellite_images\1721059286.jpg
4154305085,satellite_images\4154305085.jpg
2923059064,satellite_images\2923059064.jpg
8920100066,satellite_images\8920100066.jpg
1140000190,satellite_images\1140000190.jpg
7853220970,satellite_images\7853220970.jpg
5632500110,satellite_images\5632500110.jpg
3235100110,satellite_images\3235100110.jpg
3520069033,satellite_images\3520069033.jpg
1432400345,satellite_images\1432400345.jpg
1972202010,satellite_images\1972202010.jpg
985001082,satellite_images\985001082.jpg
3521059042,satellite_images\3521059042.jpg
8161600135,satellite_images\8161600135.jpg
1370801520,satellite_images\1370801520.jpg
1623301185,satellite_images\1623301185.jpg
2122059206,satellite_images\2122059206.jpg
795000865,satellite_images\795000865.jpg
2122049038,satellite_images\2122049038.jpg
9211010440,satellite_images\9211010440.jpg
1778350150,satellite_images\1778350150.jpg
9413600100,satellite_images\9413600100.jpg
8099900260,satellite_images\8099900260.jpg
1559900110,satellite_images\1559900110.jpg
7859910110,satellite_images\7859910110.jpg
6204410200,satellite_images\6204410200.jpg
1523049115,satellite_images\1523049115.jpg
3432500765,satellite_images\3432500765.jpg
2979800764,satellite_images\2979800764.jpg
2379300340,satellite_images\2379300340.jpg
1925059073,satellite_images\1925059073.jpg
5078400215,satellite_images\5078400215.jpg
6450301220,satellite_images\6450301220.jpg
1337800220,satellite_images\1337800220.jpg
1646501845,satellite_images\1646501845.jpg
5379801600,satellite_images\5379801600.jpg
2061100570,satellite_images\2061100570.jpg
3110800260,satellite_images\3110800260.jpg
4139430810,satellite_images\4139430810.jpg
8087800480,satellite_images\8087800480.jpg
7577700440,satellite_images\7577700440.jpg
1592300010,satellite_images\1592300010.jpg
1995200200,satellite_images\1995200200.jpg
6664900470,satellite_images\6664900470.jpg
6806300980,satellite_images\6806300980.jpg
9414610320,satellite_images\9414610320.jpg
7548301056,satellite_images\7548301056.jpg
6430500293,satellite_images\6430500293.jpg
2270000070,satellite_images\2270000070.jpg
7518503830,satellite_images\7518503830.jpg
9315000010,satellite_images\9315000010.jpg
1644500450,satellite_images\1644500450.jpg
9126100813,satellite_images\9126100813.jpg
5249801785,satellite_images\5249801785.jpg
3211100990,satellite_images\3211100990.jpg
685000160,satellite_images\685000160.jpg
7732100150,satellite_images\7732100150.jpg
3205200480,satellite_images\3205200480.jpg
9264030470,satellite_images\9264030470.jpg
9211010300,satellite_images\9211010300.jpg
2473002650,satellite_images\2473002650.jpg
8651480550,satellite_images\8651480550.jpg
5561401110,satellite_images\5561401110.jpg
1795920440,satellite_images\1795920440.jpg
7281300010,satellite_images\7281300010.jpg
5198600010,satellite_images\5198600010.jpg
9272200090,satellite_images\9272200090.jpg
2397101185,satellite_images\2397101185.jpg
8722100570,satellite_images\8722100570.jpg
6071800310,satellite_images\6071800310.jpg
7768800160,satellite_images\7768800160.jpg
3300790670,satellite_images\3300790670.jpg
7888400560,satellite_images\7888400560.jpg
8944320470,satellite_images\8944320470.jpg
3674400035,satellite_images\3674400035.jpg
3892500070,satellite_images\3892500070.jpg
2215500220,satellite_images\2215500220.jpg
9826700930,satellite_images\9826700930.jpg
7618700112,satellite_images\7618700112.jpg
9376301112,satellite_images\9376301112.jpg
109210460,satellite_images\109210460.jpg
686201000,satellite_images\686201000.jpg
4034900065,satellite_images\4034900065.jpg
1853080730,satellite_images\1853080730.jpg
302000375,satellite_images\302000375.jpg
7524400250,satellite_images\7524400250.jpg
472000620,satellite_images\472000620.jpg
3343301920,satellite_images\3343301920.jpg
3392900080,satellite_images\3392900080.jpg
3761100257,satellite_images\3761100257.jpg
7806210070,satellite_images\7806210070.jpg
3991400080,satellite_images\3991400080.jpg
9414100030,satellite_images\9414100030.jpg
9485920120,satellite_images\9485920120.jpg
8651400230,satellite_images\8651400230.jpg
9133600130,satellite_images\9133600130.jpg
2926049221,satellite_images\2926049221.jpg
3223059141,satellite_images\3223059141.jpg
5379805495,satellite_images\5379805495.jpg
3579000180,satellite_images\3579000180.jpg
2855000110,satellite_images\2855000110.jpg
686300450,satellite_images\686300450.jpg
1682500240,satellite_images\1682500240.jpg
6370000005,satellite_images\6370000005.jpg
6600220300,satellite_images\6600220300.jpg
2111011060,satellite_images\2111011060.jpg
3582200200,satellite_images\3582200200.jpg
9835800320,satellite_images\9835800320.jpg
9141100210,satellite_images\9141100210.jpg
7635800180,satellite_images\7635800180.jpg
7349400420,satellite_images\7349400420.jpg
7852090750,satellite_images\7852090750.jpg
2481630070,satellite_images\2481630070.jpg
7663700792,satellite_images\7663700792.jpg
7228501580,satellite_images\7228501580.jpg
1862400292,satellite_images\1862400292.jpg
1231001090,satellite_images\1231001090.jpg
9808610410,satellite_images\9808610410.jpg
8854100130,satellite_images\8854100130.jpg
2739200050,satellite_images\2739200050.jpg
2579500006,satellite_images\2579500006.jpg
5469502460,satellite_images\5469502460.jpg
8018600870,satellite_images\8018600870.jpg
993000315,satellite_images\993000315.jpg
7853301930,satellite_images\7853301930.jpg
4123840470,satellite_images\4123840470.jpg
1233100321,satellite_images\1233100321.jpg
3303900090,satellite_images\3303900090.jpg
2592400250,satellite_images\2592400250.jpg
6713700205,satellite_images\6713700205.jpg
7003200120,satellite_images\7003200120.jpg
7893200900,satellite_images\7893200900.jpg
3876312370,satellite_images\3876312370.jpg
922069139,satellite_images\922069139.jpg
1066600045,satellite_images\1066600045.jpg
686400930,satellite_images\686400930.jpg
7229900885,satellite_images\7229900885.jpg
7234600820,satellite_images\7234600820.jpg
3751601501,satellite_images\3751601501.jpg
7491010060,satellite_images\7491010060.jpg
7852130800,satellite_images\7852130800.jpg
9211500730,satellite_images\9211500730.jpg
2853600155,satellite_images\2853600155.jpg
3578400670,satellite_images\3578400670.jpg
4029400140,satellite_images\4029400140.jpg
1274500700,satellite_images\1274500700.jpg
2025069025,satellite_images\2025069025.jpg
3354400545,satellite_images\3354400545.jpg
8822900122,satellite_images\8822900122.jpg
8156600210,satellite_images\8156600210.jpg
2320069260,satellite_images\2320069260.jpg
4217400185,satellite_images\4217400185.jpg
3353401340,satellite_images\3353401340.jpg
3047700045,satellite_images\3047700045.jpg
291310610,satellite_images\291310610.jpg
686200840,satellite_images\686200840.jpg
7327500200,satellite_images\7327500200.jpg
2025049206,satellite_images\2025049206.jpg
4472000050,satellite_images\4472000050.jpg
6150700394,satellite_images\6150700394.jpg
6151800300,satellite_images\6151800300.jpg
2346200030,satellite_images\2346200030.jpg
6870300060,satellite_images\6870300060.jpg
8024200685,satellite_images\8024200685.jpg
4178310040,satellite_images\4178310040.jpg
2175100055,satellite_images\2175100055.jpg
3574801740,satellite_images\3574801740.jpg
2025049114,satellite_images\2025049114.jpg
1026069163,satellite_images\1026069163.jpg
3262300920,satellite_images\3262300920.jpg
461004095,satellite_images\461004095.jpg
8645501091,satellite_images\8645501091.jpg
2887700875,satellite_images\2887700875.jpg
2560803248,satellite_images\2560803248.jpg
7518503220,satellite_images\7518503220.jpg
6639900242,satellite_images\6639900242.jpg
8691410100,satellite_images\8691410100.jpg
8608900205,satellite_images\8608900205.jpg
6152900402,satellite_images\6152900402.jpg
1123059116,satellite_images\1123059116.jpg
7230200340,satellite_images\7230200340.jpg
4027700006,satellite_images\4027700006.jpg
1761100080,satellite_images\1761100080.jpg
7714000340,satellite_images\7714000340.jpg
952001765,satellite_images\952001765.jpg
1283800110,satellite_images\1283800110.jpg
7853361230,satellite_images\7853361230.jpg
1245002445,satellite_images\1245002445.jpg
1056200010,satellite_images\1056200010.jpg
6817801020,satellite_images\6817801020.jpg
4137010310,satellite_images\4137010310.jpg
303000445,satellite_images\303000445.jpg
7010700210,satellite_images\7010700210.jpg
7806210400,satellite_images\7806210400.jpg
1024039049,satellite_images\1024039049.jpg
2771603050,satellite_images\2771603050.jpg
3395070560,satellite_images\3395070560.jpg
2397101075,satellite_images\2397101075.jpg
1923000050,satellite_images\1923000050.jpg
1912100875,satellite_images\1912100875.jpg
2113700235,satellite_images\2113700235.jpg
4302700559,satellite_images\4302700559.jpg
1771000440,satellite_images\1771000440.jpg
114100314,satellite_images\114100314.jpg
8929000090,satellite_images\8929000090.jpg
399000025,satellite_images\399000025.jpg
5398600075,satellite_images\5398600075.jpg
4139910170,satellite_images\4139910170.jpg
8944460190,satellite_images\8944460190.jpg
2460700030,satellite_images\2460700030.jpg
1796360370,satellite_images\1796360370.jpg
7950303530,satellite_images\7950303530.jpg
1352300580,satellite_images\1352300580.jpg
2461900550,satellite_images\2461900550.jpg
2768301357,satellite_images\2768301357.jpg
2621660040,satellite_images\2621660040.jpg
3575302345,satellite_images\3575302345.jpg
9542801990,satellite_images\9542801990.jpg
446000150,satellite_images\446000150.jpg
8691440330,satellite_images\8691440330.jpg
2621760480,satellite_images\2621760480.jpg
1796360080,satellite_images\1796360080.jpg
1545807810,satellite_images\1545807810.jpg
3575302938,satellite_images\3575302938.jpg
1337800665,satellite_images\1337800665.jpg
7168100015,satellite_images\7168100015.jpg
3630200430,satellite_images\3630200430.jpg
4317700085,satellite_images\4317700085.jpg
4045700115,satellite_images\4045700115.jpg
8084400010,satellite_images\8084400010.jpg
6116500300,satellite_images\6116500300.jpg
6386600130,satellite_images\6386600130.jpg
2946001950,satellite_images\2946001950.jpg
4047200695,satellite_images\4047200695.jpg
2877102670,satellite_images\2877102670.jpg
1875500060,satellite_images\1875500060.jpg
3626039207,satellite_images\3626039207.jpg
1121000357,satellite_images\1121000357.jpg
3566800485,satellite_images\3566800485.jpg
3625700080,satellite_images\3625700080.jpg
9542830350,satellite_images\9542830350.jpg
2724049146,satellite_images\2724049146.jpg
9829200250,satellite_images\9829200250.jpg
3317500070,satellite_images\3317500070.jpg
3308010040,satellite_images\3308010040.jpg
6679000170,satellite_images\6679000170.jpg
9521100465,satellite_images\9521100465.jpg
2856102280,satellite_images\2856102280.jpg
8651720060,satellite_images\8651720060.jpg
2902200838,satellite_images\2902200838.jpg
3574800520,satellite_images\3574800520.jpg
5101405124,satellite_images\5101405124.jpg
3528000040,satellite_images\3528000040.jpg
3879900754,satellite_images\3879900754.jpg
9521101315,satellite_images\9521101315.jpg
3300701285,satellite_images\3300701285.jpg
9406540050,satellite_images\9406540050.jpg
6749700110,satellite_images\6749700110.jpg
1797500435,satellite_images\1797500435.jpg
114101161,satellite_images\114101161.jpg
1545801630,satellite_images\1545801630.jpg
5300200085,satellite_images\5300200085.jpg
2461900609,satellite_images\2461900609.jpg
7600057,satellite_images\7600057.jpg
1233100601,satellite_images\1233100601.jpg
6844700510,satellite_images\6844700510.jpg
8965500020,satellite_images\8965500020.jpg
723049307,satellite_images\723049307.jpg
8816400885,satellite_images\8816400885.jpg
7812801590,satellite_images\7812801590.jpg
1868900775,satellite_images\1868900775.jpg
8648200030,satellite_images\8648200030.jpg
2113701100,satellite_images\2113701100.jpg
9508500075,satellite_images\9508500075.jpg
3304300300,satellite_images\3304300300.jpg
8665900336,satellite_images\8665900336.jpg
7895500550,satellite_images\7895500550.jpg
301400800,satellite_images\301400800.jpg
2922700865,satellite_images\2922700865.jpg
7701961030,satellite_images\7701961030.jpg
5700000975,satellite_images\5700000975.jpg
7880000060,satellite_images\7880000060.jpg
8681660060,satellite_images\8681660060.jpg
3259400030,satellite_images\3259400030.jpg
4023500118,satellite_images\4023500118.jpg
3625059043,satellite_images\3625059043.jpg
2117700065,satellite_images\2117700065.jpg
7272000980,satellite_images\7272000980.jpg
2212900180,satellite_images\2212900180.jpg
2254502070,satellite_images\2254502070.jpg
7305300500,satellite_images\7305300500.jpg
5467910140,satellite_images\5467910140.jpg
5412300130,satellite_images\5412300130.jpg
3331001115,satellite_images\3331001115.jpg
2206700280,satellite_images\2206700280.jpg
1545800090,satellite_images\1545800090.jpg
1545808370,satellite_images\1545808370.jpg
3211800140,satellite_images\3211800140.jpg
1473120230,satellite_images\1473120230.jpg
9558050170,satellite_images\9558050170.jpg
2126059295,satellite_images\2126059295.jpg
1542800010,satellite_images\1542800010.jpg
3905100280,satellite_images\3905100280.jpg
5126900200,satellite_images\5126900200.jpg
2422000067,satellite_images\2422000067.jpg
424059052,satellite_images\424059052.jpg
993001563,satellite_images\993001563.jpg
9407110710,satellite_images\9407110710.jpg
3578401210,satellite_images\3578401210.jpg
1081300200,satellite_images\1081300200.jpg
7555200230,satellite_images\7555200230.jpg
9407000990,satellite_images\9407000990.jpg
8835800350,satellite_images\8835800350.jpg
6150200435,satellite_images\6150200435.jpg
3885805035,satellite_images\3885805035.jpg
325059126,satellite_images\325059126.jpg
1775920210,satellite_images\1775920210.jpg
7853360300,satellite_images\7853360300.jpg
2767601872,satellite_images\2767601872.jpg
7853250080,satellite_images\7853250080.jpg
2322029048,satellite_images\2322029048.jpg
6744700427,satellite_images\6744700427.jpg
7950700110,satellite_images\7950700110.jpg
1420400130,satellite_images\1420400130.jpg
2228900161,satellite_images\2228900161.jpg
8732190380,satellite_images\8732190380.jpg
4302200625,satellite_images\4302200625.jpg
8682282180,satellite_images\8682282180.jpg
3897100640,satellite_images\3897100640.jpg
1523300157,satellite_images\1523300157.jpg
1922000180,satellite_images\1922000180.jpg
9432900180,satellite_images\9432900180.jpg
3629830050,satellite_images\3629830050.jpg
7852160250,satellite_images\7852160250.jpg
4358700141,satellite_images\4358700141.jpg
3449000300,satellite_images\3449000300.jpg
7796100050,satellite_images\7796100050.jpg
3818700190,satellite_images\3818700190.jpg
7331900290,satellite_images\7331900290.jpg
6421100592,satellite_images\6421100592.jpg
9510920120,satellite_images\9510920120.jpg
2138700345,satellite_images\2138700345.jpg
7967000270,satellite_images\7967000270.jpg
7686205370,satellite_images\7686205370.jpg
1402810150,satellite_images\1402810150.jpg
3579700100,satellite_images\3579700100.jpg
4137020820,satellite_images\4137020820.jpg
567000025,satellite_images\567000025.jpg
3874900085,satellite_images\3874900085.jpg
5152800030,satellite_images\5152800030.jpg
9808630260,satellite_images\9808630260.jpg
8559900140,satellite_images\8559900140.jpg
686800070,satellite_images\686800070.jpg
3624079046,satellite_images\3624079046.jpg
1725059209,satellite_images\1725059209.jpg
6840701150,satellite_images\6840701150.jpg
3874900090,satellite_images\3874900090.jpg
579002220,satellite_images\579002220.jpg
2123049498,satellite_images\2123049498.jpg
3505100756,satellite_images\3505100756.jpg
6306800050,satellite_images\6306800050.jpg
7805450040,satellite_images\7805450040.jpg
425049036,satellite_images\425049036.jpg
1900600015,satellite_images\1900600015.jpg
4345000090,satellite_images\4345000090.jpg
952000725,satellite_images\952000725.jpg
9136101776,satellite_images\9136101776.jpg
1036100130,satellite_images\1036100130.jpg
6137610540,satellite_images\6137610540.jpg
200520080,satellite_images\200520080.jpg
1450100420,satellite_images\1450100420.jpg
4174600391,satellite_images\4174600391.jpg
5255700160,satellite_images\5255700160.jpg
3544400045,satellite_images\3544400045.jpg
8725950220,satellite_images\8725950220.jpg
2331300415,satellite_images\2331300415.jpg
8856700190,satellite_images\8856700190.jpg
8562770110,satellite_images\8562770110.jpg
8075400570,satellite_images\8075400570.jpg
9141100073,satellite_images\9141100073.jpg
8956000100,satellite_images\8956000100.jpg
7981900110,satellite_images\7981900110.jpg
8019201061,satellite_images\8019201061.jpg
8651611690,satellite_images\8651611690.jpg
4303200130,satellite_images\4303200130.jpg
4058000060,satellite_images\4058000060.jpg
8022900005,satellite_images\8022900005.jpg
7896300592,satellite_images\7896300592.jpg
4400900030,satellite_images\4400900030.jpg
8563020380,satellite_images\8563020380.jpg
7852020800,satellite_images\7852020800.jpg
4039500610,satellite_images\4039500610.jpg
5476200123,satellite_images\5476200123.jpg
3204800370,satellite_images\3204800370.jpg
4399210110,satellite_images\4399210110.jpg
5146000070,satellite_images\5146000070.jpg
5457801833,satellite_images\5457801833.jpg
1442880340,satellite_images\1442880340.jpg
624069050,satellite_images\624069050.jpg
2597450250,satellite_images\2597450250.jpg
1939000030,satellite_images\1939000030.jpg
7663700150,satellite_images\7663700150.jpg
8655900162,satellite_images\8655900162.jpg
8944550100,satellite_images\8944550100.jpg
2916610150,satellite_images\2916610150.jpg
984100340,satellite_images\984100340.jpg
8089510150,satellite_images\8089510150.jpg
8802400415,satellite_images\8802400415.jpg
5101405604,satellite_images\5101405604.jpg
2524000050,satellite_images\2524000050.jpg
5104510060,satellite_images\5104510060.jpg
7203180370,satellite_images\7203180370.jpg
7504001080,satellite_images\7504001080.jpg
3013300685,satellite_images\3013300685.jpg
2115200160,satellite_images\2115200160.jpg
3523069060,satellite_images\3523069060.jpg
913000315,satellite_images\913000315.jpg
1454100127,satellite_images\1454100127.jpg
6414600260,satellite_images\6414600260.jpg
5706000070,satellite_images\5706000070.jpg
1972201967,satellite_images\1972201967.jpg
3288100100,satellite_images\3288100100.jpg
1446400648,satellite_images\1446400648.jpg
3885808210,satellite_images\3885808210.jpg
4343800080,satellite_images\4343800080.jpg
6762700376,satellite_images\6762700376.jpg
3145600250,satellite_images\3145600250.jpg
4216500020,satellite_images\4216500020.jpg
522079027,satellite_images\522079027.jpg
7732400360,satellite_images\7732400360.jpg
7518505345,satellite_images\7518505345.jpg
4038400040,satellite_images\4038400040.jpg
7397300220,satellite_images\7397300220.jpg
1843130210,satellite_images\1843130210.jpg
8141310080,satellite_images\8141310080.jpg
8651401680,satellite_images\8651401680.jpg
1972200696,satellite_images\1972200696.jpg
3450300240,satellite_images\3450300240.jpg
7974200777,satellite_images\7974200777.jpg
3630200480,satellite_images\3630200480.jpg
7663700401,satellite_images\7663700401.jpg
1354600160,satellite_images\1354600160.jpg
4151800375,satellite_images\4151800375.jpg
7120000210,satellite_images\7120000210.jpg
1026069095,satellite_images\1026069095.jpg
8956200760,satellite_images\8956200760.jpg
6073200020,satellite_images\6073200020.jpg
3558000130,satellite_images\3558000130.jpg
3726800010,satellite_images\3726800010.jpg
3295750610,satellite_images\3295750610.jpg
7818700410,satellite_images\7818700410.jpg
316000160,satellite_images\316000160.jpg
5104450440,satellite_images\5104450440.jpg
7202331220,satellite_images\7202331220.jpg
5699000070,satellite_images\5699000070.jpg
3904920600,satellite_images\3904920600.jpg
1214000050,satellite_images\1214000050.jpg
1440700190,satellite_images\1440700190.jpg
7504180130,satellite_images\7504180130.jpg
1093000090,satellite_images\1093000090.jpg
42000245,satellite_images\42000245.jpg
7841300285,satellite_images\7841300285.jpg
1126059170,satellite_images\1126059170.jpg
1137500090,satellite_images\1137500090.jpg
8946750020,satellite_images\8946750020.jpg
8132700185,satellite_images\8132700185.jpg
5347200179,satellite_images\5347200179.jpg
8651500850,satellite_images\8651500850.jpg
2767603649,satellite_images\2767603649.jpg
2891100820,satellite_images\2891100820.jpg
5703500130,satellite_images\5703500130.jpg
3754500566,satellite_images\3754500566.jpg
203600140,satellite_images\203600140.jpg
8082400076,satellite_images\8082400076.jpg
9169100185,satellite_images\9169100185.jpg
7625702967,satellite_images\7625702967.jpg
9560800310,satellite_images\9560800310.jpg
7624700050,satellite_images\7624700050.jpg
2739200160,satellite_images\2739200160.jpg
7785000130,satellite_images\7785000130.jpg
4307340490,satellite_images\4307340490.jpg
1720069146,satellite_images\1720069146.jpg
8121100155,satellite_images\8121100155.jpg
6392001670,satellite_images\6392001670.jpg
1424069069,satellite_images\1424069069.jpg
3449000010,satellite_images\3449000010.jpg
1931300815,satellite_images\1931300815.jpg
7203220030,satellite_images\7203220030.jpg
1310440280,satellite_images\1310440280.jpg
8122600165,satellite_images\8122600165.jpg
1139000685,satellite_images\1139000685.jpg
1424200070,satellite_images\1424200070.jpg
624110540,satellite_images\624110540.jpg
2698200010,satellite_images\2698200010.jpg
9564800145,satellite_images\9564800145.jpg
3449800010,satellite_images\3449800010.jpg
8902000175,satellite_images\8902000175.jpg
6700390100,satellite_images\6700390100.jpg
3224510290,satellite_images\3224510290.jpg
8649900440,satellite_images\8649900440.jpg
4083306620,satellite_images\4083306620.jpg
7568700525,satellite_images\7568700525.jpg
7893802800,satellite_images\7893802800.jpg
3810000202,satellite_images\3810000202.jpg
293910070,satellite_images\293910070.jpg
4031000520,satellite_images\4031000520.jpg
2538800030,satellite_images\2538800030.jpg
579003240,satellite_images\579003240.jpg
1545807280,satellite_images\1545807280.jpg
2810600210,satellite_images\2810600210.jpg
6882520050,satellite_images\6882520050.jpg
7183000060,satellite_images\7183000060.jpg
1115400090,satellite_images\1115400090.jpg
1473200130,satellite_images\1473200130.jpg
7202360170,satellite_images\7202360170.jpg
7588700080,satellite_images\7588700080.jpg
1329500120,satellite_images\1329500120.jpg
2372800145,satellite_images\2372800145.jpg
1545803890,satellite_images\1545803890.jpg
3303850290,satellite_images\3303850290.jpg
809001970,satellite_images\809001970.jpg
8820902700,satellite_images\8820902700.jpg
2781250400,satellite_images\2781250400.jpg
461002551,satellite_images\461002551.jpg
4219400555,satellite_images\4219400555.jpg
4221270290,satellite_images\4221270290.jpg
8718500495,satellite_images\8718500495.jpg
7852090390,satellite_images\7852090390.jpg
7821200390,satellite_images\7821200390.jpg
7237450030,satellite_images\7237450030.jpg
8658300455,satellite_images\8658300455.jpg
8582010290,satellite_images\8582010290.jpg
6071200195,satellite_images\6071200195.jpg
1705400550,satellite_images\1705400550.jpg
8682291510,satellite_images\8682291510.jpg
243000045,satellite_images\243000045.jpg
2013802030,satellite_images\2013802030.jpg
1450000050,satellite_images\1450000050.jpg
9212900260,satellite_images\9212900260.jpg
4178300130,satellite_images\4178300130.jpg
3334000055,satellite_images\3334000055.jpg
2310010270,satellite_images\2310010270.jpg
324069015,satellite_images\324069015.jpg
4139480190,satellite_images\4139480190.jpg
4024101050,satellite_images\4024101050.jpg
9441300030,satellite_images\9441300030.jpg
123039313,satellite_images\123039313.jpg
191100672,satellite_images\191100672.jpg
7751800080,satellite_images\7751800080.jpg
3575301550,satellite_images\3575301550.jpg
8159610150,satellite_images\8159610150.jpg
114100304,satellite_images\114100304.jpg
430000035,satellite_images\430000035.jpg
2645500021,satellite_images\2645500021.jpg
5422950020,satellite_images\5422950020.jpg
1868901690,satellite_images\1868901690.jpg
5506500070,satellite_images\5506500070.jpg
7338400945,satellite_images\7338400945.jpg
8644400060,satellite_images\8644400060.jpg
9511120050,satellite_images\9511120050.jpg
1437580600,satellite_images\1437580600.jpg
1020069042,satellite_images\1020069042.jpg
723049530,satellite_images\723049530.jpg
8146300015,satellite_images\8146300015.jpg
7138200150,satellite_images\7138200150.jpg
3295950240,satellite_images\3295950240.jpg
6413600123,satellite_images\6413600123.jpg
7227500020,satellite_images\7227500020.jpg
1623059092,satellite_images\1623059092.jpg
6300500545,satellite_images\6300500545.jpg
3131200640,satellite_images\3131200640.jpg
7812800865,satellite_images\7812800865.jpg
8100400110,satellite_images\8100400110.jpg
2122059236,satellite_images\2122059236.jpg
5649600435,satellite_images\5649600435.jpg
8651511220,satellite_images\8651511220.jpg
6190500380,satellite_images\6190500380.jpg
9268851320,satellite_images\9268851320.jpg
8691370400,satellite_images\8691370400.jpg
3211260120,satellite_images\3211260120.jpg
7967000130,satellite_images\7967000130.jpg
8019200360,satellite_images\8019200360.jpg
2621600015,satellite_images\2621600015.jpg
1446800660,satellite_images\1446800660.jpg
7853321150,satellite_images\7853321150.jpg
7849202585,satellite_images\7849202585.jpg
3585900080,satellite_images\3585900080.jpg
3797000680,satellite_images\3797000680.jpg
8562790940,satellite_images\8562790940.jpg
9417400215,satellite_images\9417400215.jpg
2787460720,satellite_images\2787460720.jpg
1321740260,satellite_images\1321740260.jpg
3726800220,satellite_images\3726800220.jpg
3401700150,satellite_images\3401700150.jpg
5057100080,satellite_images\5057100080.jpg
8141310180,satellite_images\8141310180.jpg
2436700540,satellite_images\2436700540.jpg
5350200870,satellite_images\5350200870.jpg
2652501565,satellite_images\2652501565.jpg
3790700110,satellite_images\3790700110.jpg
7308900445,satellite_images\7308900445.jpg
3303950660,satellite_images\3303950660.jpg
6666830250,satellite_images\6666830250.jpg
1329300070,satellite_images\1329300070.jpg
6021503708,satellite_images\6021503708.jpg
8860200010,satellite_images\8860200010.jpg
3374500290,satellite_images\3374500290.jpg
9238430430,satellite_images\9238430430.jpg
5249804825,satellite_images\5249804825.jpg
6303401150,satellite_images\6303401150.jpg
9277200065,satellite_images\9277200065.jpg
3584000400,satellite_images\3584000400.jpg
3753000030,satellite_images\3753000030.jpg
3344500183,satellite_images\3344500183.jpg
2551500220,satellite_images\2551500220.jpg
5126300510,satellite_images\5126300510.jpg
2316800100,satellite_images\2316800100.jpg
3179100180,satellite_images\3179100180.jpg
6909200335,satellite_images\6909200335.jpg
1454100056,satellite_images\1454100056.jpg
5259800440,satellite_images\5259800440.jpg
452001890,satellite_images\452001890.jpg
2856100125,satellite_images\2856100125.jpg
4024101451,satellite_images\4024101451.jpg
6381500170,satellite_images\6381500170.jpg
1721059230,satellite_images\1721059230.jpg
6070500055,satellite_images\6070500055.jpg
2724079061,satellite_images\2724079061.jpg
252000300,satellite_images\252000300.jpg
8650700090,satellite_images\8650700090.jpg
3900100265,satellite_images\3900100265.jpg
8899000190,satellite_images\8899000190.jpg
3491300052,satellite_images\3491300052.jpg
8946750170,satellite_images\8946750170.jpg
3276180210,satellite_images\3276180210.jpg
4389200955,satellite_images\4389200955.jpg
7802900500,satellite_images\7802900500.jpg
2541100050,satellite_images\2541100050.jpg
5166700055,satellite_images\5166700055.jpg
4450700030,satellite_images\4450700030.jpg
7401000040,satellite_images\7401000040.jpg
923049378,satellite_images\923049378.jpg
5104511600,satellite_images\5104511600.jpg
1555300490,satellite_images\1555300490.jpg
263000359,satellite_images\263000359.jpg
6447300345,satellite_images\6447300345.jpg
4279900140,satellite_images\4279900140.jpg
9421500070,satellite_images\9421500070.jpg
6003001760,satellite_images\6003001760.jpg
1175000280,satellite_images\1175000280.jpg
6874200960,satellite_images\6874200960.jpg
4036400040,satellite_images\4036400040.jpg
3578110200,satellite_images\3578110200.jpg
2561340020,satellite_images\2561340020.jpg
6127010800,satellite_images\6127010800.jpg
8165500780,satellite_images\8165500780.jpg
1545805030,satellite_images\1545805030.jpg
1682500160,satellite_images\1682500160.jpg
7539900040,satellite_images\7539900040.jpg
4307350520,satellite_images\4307350520.jpg
1525039057,satellite_images\1525039057.jpg
8857600360,satellite_images\8857600360.jpg
2212700180,satellite_images\2212700180.jpg
4400200060,satellite_images\4400200060.jpg
9169100214,satellite_images\9169100214.jpg
7772800020,satellite_images\7772800020.jpg
3261000080,satellite_images\3261000080.jpg
952006823,satellite_images\952006823.jpg
2517100490,satellite_images\2517100490.jpg
4038600300,satellite_images\4038600300.jpg
8644400180,satellite_images\8644400180.jpg
6204050080,satellite_images\6204050080.jpg
7427800080,satellite_images\7427800080.jpg
3293700105,satellite_images\3293700105.jpg
774100355,satellite_images\774100355.jpg
7237450080,satellite_images\7237450080.jpg
1003400250,satellite_images\1003400250.jpg
8856970440,satellite_images\8856970440.jpg
8682262720,satellite_images\8682262720.jpg
1972200259,satellite_images\1972200259.jpg
3782100155,satellite_images\3782100155.jpg
4276400030,satellite_images\4276400030.jpg
1788800630,satellite_images\1788800630.jpg
521049200,satellite_images\521049200.jpg
2895550190,satellite_images\2895550190.jpg
9485951170,satellite_images\9485951170.jpg
1775920340,satellite_images\1775920340.jpg
6431000206,satellite_images\6431000206.jpg
7853270520,satellite_images\7853270520.jpg
4232903295,satellite_images\4232903295.jpg
8682291390,satellite_images\8682291390.jpg
2325039057,satellite_images\2325039057.jpg
458000065,satellite_images\458000065.jpg
3345100002,satellite_images\3345100002.jpg
1888120140,satellite_images\1888120140.jpg
7853270740,satellite_images\7853270740.jpg
6700390230,satellite_images\6700390230.jpg
3905081500,satellite_images\3905081500.jpg
2902200234,satellite_images\2902200234.jpg
3362400590,satellite_images\3362400590.jpg
1931300175,satellite_images\1931300175.jpg
7974200776,satellite_images\7974200776.jpg
3592500866,satellite_images\3592500866.jpg
6054650070,satellite_images\6054650070.jpg
5469501940,satellite_images\5469501940.jpg
1535204365,satellite_images\1535204365.jpg
7304300570,satellite_images\7304300570.jpg
1726069064,satellite_images\1726069064.jpg
7732410390,satellite_images\7732410390.jpg
8155830060,satellite_images\8155830060.jpg
9137101696,satellite_images\9137101696.jpg
4348800030,satellite_images\4348800030.jpg
1921069059,satellite_images\1921069059.jpg
193300140,satellite_images\193300140.jpg
7853240040,satellite_images\7853240040.jpg
7663700968,satellite_images\7663700968.jpg
9297301050,satellite_images\9297301050.jpg
339500160,satellite_images\339500160.jpg
5468780020,satellite_images\5468780020.jpg
3630030180,satellite_images\3630030180.jpg
5490210510,satellite_images\5490210510.jpg
1872900065,satellite_images\1872900065.jpg
4310702440,satellite_images\4310702440.jpg
7625703405,satellite_images\7625703405.jpg
7941130140,satellite_images\7941130140.jpg
100300530,satellite_images\100300530.jpg
7853230270,satellite_images\7853230270.jpg
7558750190,satellite_images\7558750190.jpg
1787270090,satellite_images\1787270090.jpg
6632300122,satellite_images\6632300122.jpg
7349400100,satellite_images\7349400100.jpg
7831800460,satellite_images\7831800460.jpg
982850020,satellite_images\982850020.jpg
5489200435,satellite_images\5489200435.jpg
2212500430,satellite_images\2212500430.jpg
3693900245,satellite_images\3693900245.jpg
7883608693,satellite_images\7883608693.jpg
2722059215,satellite_images\2722059215.jpg
6303401395,satellite_images\6303401395.jpg
8691350200,satellite_images\8691350200.jpg
510002065,satellite_images\510002065.jpg
3343901440,satellite_images\3343901440.jpg
3451000442,satellite_images\3451000442.jpg
3438500797,satellite_images\3438500797.jpg
616000140,satellite_images\616000140.jpg
1930301540,satellite_images\1930301540.jpg
5381000352,satellite_images\5381000352.jpg
2796100680,satellite_images\2796100680.jpg
3241600150,satellite_images\3241600150.jpg
4345000210,satellite_images\4345000210.jpg
7852040210,satellite_images\7852040210.jpg
2700200040,satellite_images\2700200040.jpg
4232400110,satellite_images\4232400110.jpg
7683800010,satellite_images\7683800010.jpg
3905081800,satellite_images\3905081800.jpg
9412200260,satellite_images\9412200260.jpg
1035000007,satellite_images\1035000007.jpg
8833510190,satellite_images\8833510190.jpg
8965500030,satellite_images\8965500030.jpg
9492800020,satellite_images\9492800020.jpg
723069049,satellite_images\723069049.jpg
3582900200,satellite_images\3582900200.jpg
2998300060,satellite_images\2998300060.jpg
1025049268,satellite_images\1025049268.jpg
3814900660,satellite_images\3814900660.jpg
293070310,satellite_images\293070310.jpg
3904930730,satellite_images\3904930730.jpg
6672700120,satellite_images\6672700120.jpg
1972201820,satellite_images\1972201820.jpg
8127700390,satellite_images\8127700390.jpg
6031400013,satellite_images\6031400013.jpg
526059224,satellite_images\526059224.jpg
930000415,satellite_images\930000415.jpg
9264930980,satellite_images\9264930980.jpg
984000450,satellite_images\984000450.jpg
985000900,satellite_images\985000900.jpg
9276201895,satellite_images\9276201895.jpg
880000189,satellite_images\880000189.jpg
5366200330,satellite_images\5366200330.jpg
3224069026,satellite_images\3224069026.jpg
6821101731,satellite_images\6821101731.jpg
8648220270,satellite_images\8648220270.jpg
7465900060,satellite_images\7465900060.jpg
1926059236,satellite_images\1926059236.jpg
1742800030,satellite_images\1742800030.jpg
4024101052,satellite_images\4024101052.jpg
2023049218,satellite_images\2023049218.jpg
1523059066,satellite_images\1523059066.jpg
809002485,satellite_images\809002485.jpg
4025300135,satellite_images\4025300135.jpg
9165100375,satellite_images\9165100375.jpg
6819100122,satellite_images\6819100122.jpg
2492200256,satellite_images\2492200256.jpg
3905100070,satellite_images\3905100070.jpg
9346950050,satellite_images\9346950050.jpg
8682231330,satellite_images\8682231330.jpg
7658600081,satellite_images\7658600081.jpg
1563100557,satellite_images\1563100557.jpg
7237450110,satellite_images\7237450110.jpg
1328310370,satellite_images\1328310370.jpg
6117500025,satellite_images\6117500025.jpg
4083301950,satellite_images\4083301950.jpg
1081330060,satellite_images\1081330060.jpg
5589300495,satellite_images\5589300495.jpg
3869900162,satellite_images\3869900162.jpg
8851500050,satellite_images\8851500050.jpg
5364200695,satellite_images\5364200695.jpg
6169901095,satellite_images\6169901095.jpg
3448002285,satellite_images\3448002285.jpg
1930300915,satellite_images\1930300915.jpg
2820069048,satellite_images\2820069048.jpg
1025039320,satellite_images\1025039320.jpg
9238901020,satellite_images\9238901020.jpg
4017110020,satellite_images\4017110020.jpg
9533100080,satellite_images\9533100080.jpg
6303400981,satellite_images\6303400981.jpg
5282200015,satellite_images\5282200015.jpg
1771110550,satellite_images\1771110550.jpg
8041100010,satellite_images\8041100010.jpg
2525049266,satellite_images\2525049266.jpg
926069192,satellite_images\926069192.jpg
8562750250,satellite_images\8562750250.jpg
2838000180,satellite_images\2838000180.jpg
3878900464,satellite_images\3878900464.jpg
1498301048,satellite_images\1498301048.jpg
3574800860,satellite_images\3574800860.jpg
2705600069,satellite_images\2705600069.jpg
5093301285,satellite_images\5093301285.jpg
2523089097,satellite_images\2523089097.jpg
4014400292,satellite_images\4014400292.jpg
8651440780,satellite_images\8651440780.jpg
3832050860,satellite_images\3832050860.jpg
4139900120,satellite_images\4139900120.jpg
2048000330,satellite_images\2048000330.jpg
1321720170,satellite_images\1321720170.jpg
8731983200,satellite_images\8731983200.jpg
7177300735,satellite_images\7177300735.jpg
2474400300,satellite_images\2474400300.jpg
6141100380,satellite_images\6141100380.jpg
191100405,satellite_images\191100405.jpg
3298700305,satellite_images\3298700305.jpg
8562890280,satellite_images\8562890280.jpg
644000115,satellite_images\644000115.jpg
3052700472,satellite_images\3052700472.jpg
3791400100,satellite_images\3791400100.jpg
1832100030,satellite_images\1832100030.jpg
1473120730,satellite_images\1473120730.jpg
424500035,satellite_images\424500035.jpg
7977200055,satellite_images\7977200055.jpg
8146300020,satellite_images\8146300020.jpg
7885800740,satellite_images\7885800740.jpg
7202331420,satellite_images\7202331420.jpg
3798000130,satellite_images\3798000130.jpg
7853301400,satellite_images\7853301400.jpg
1233100260,satellite_images\1233100260.jpg
5101405276,satellite_images\5101405276.jpg
8122100835,satellite_images\8122100835.jpg
2202500080,satellite_images\2202500080.jpg
1312930250,satellite_images\1312930250.jpg
3523059056,satellite_images\3523059056.jpg
1025039168,satellite_images\1025039168.jpg
6977000040,satellite_images\6977000040.jpg
2062600020,satellite_images\2062600020.jpg
7856600900,satellite_images\7856600900.jpg
9320990090,satellite_images\9320990090.jpg
3574801780,satellite_images\3574801780.jpg
2391600165,satellite_images\2391600165.jpg
1870400470,satellite_images\1870400470.jpg
8669160270,satellite_images\8669160270.jpg
5104530430,satellite_images\5104530430.jpg
4137010240,satellite_images\4137010240.jpg
301400850,satellite_images\301400850.jpg
9533100285,satellite_images\9533100285.jpg
1523300141,satellite_images\1523300141.jpg
2549000020,satellite_images\2549000020.jpg
1982200430,satellite_images\1982200430.jpg
9406500530,satellite_images\9406500530.jpg
4058200915,satellite_images\4058200915.jpg
3459900305,satellite_images\3459900305.jpg
3619600132,satellite_images\3619600132.jpg
8857100060,satellite_images\8857100060.jpg
9828702902,satellite_images\9828702902.jpg
3630080430,satellite_images\3630080430.jpg
7923100400,satellite_images\7923100400.jpg
2143700676,satellite_images\2143700676.jpg
7140600020,satellite_images\7140600020.jpg
4345000170,satellite_images\4345000170.jpg
3971701922,satellite_images\3971701922.jpg
1837010010,satellite_images\1837010010.jpg
191100275,satellite_images\191100275.jpg
3298300130,satellite_images\3298300130.jpg
2695600505,satellite_images\2695600505.jpg
9211520020,satellite_images\9211520020.jpg
4441300075,satellite_images\4441300075.jpg
3658700395,satellite_images\3658700395.jpg
9527300200,satellite_images\9527300200.jpg
9264950940,satellite_images\9264950940.jpg
7950302150,satellite_images\7950302150.jpg
3438500981,satellite_images\3438500981.jpg
9558050230,satellite_images\9558050230.jpg
510003085,satellite_images\510003085.jpg
7387500235,satellite_images\7387500235.jpg
7568700135,satellite_images\7568700135.jpg
8651443480,satellite_images\8651443480.jpg
3298300530,satellite_images\3298300530.jpg
8078380090,satellite_images\8078380090.jpg
3083000048,satellite_images\3083000048.jpg
3333500151,satellite_images\3333500151.jpg
7200001608,satellite_images\7200001608.jpg
3260000300,satellite_images\3260000300.jpg
6402710120,satellite_images\6402710120.jpg
1565930070,satellite_images\1565930070.jpg
4365200445,satellite_images\4365200445.jpg
1545807920,satellite_images\1545807920.jpg
1689400375,satellite_images\1689400375.jpg
993001976,satellite_images\993001976.jpg
5137200140,satellite_images\5137200140.jpg
8732190990,satellite_images\8732190990.jpg
766900250,satellite_images\766900250.jpg
9536601045,satellite_images\9536601045.jpg
2313900560,satellite_images\2313900560.jpg
6332000130,satellite_images\6332000130.jpg
5700000465,satellite_images\5700000465.jpg
6303400475,satellite_images\6303400475.jpg
6746700615,satellite_images\6746700615.jpg
8661000148,satellite_images\8661000148.jpg
3585900665,satellite_images\3585900665.jpg
3388000080,satellite_images\3388000080.jpg
2428100130,satellite_images\2428100130.jpg
243000380,satellite_images\243000380.jpg
4206901215,satellite_images\4206901215.jpg
1262700040,satellite_images\1262700040.jpg
5288200072,satellite_images\5288200072.jpg
323069120,satellite_images\323069120.jpg
3126049154,satellite_images\3126049154.jpg
9543000896,satellite_images\9543000896.jpg
7952800010,satellite_images\7952800010.jpg
7129300400,satellite_images\7129300400.jpg
98020350,satellite_images\98020350.jpg
133000135,satellite_images\133000135.jpg
126039213,satellite_images\126039213.jpg
4302201085,satellite_images\4302201085.jpg
7518502030,satellite_images\7518502030.jpg
8682262380,satellite_images\8682262380.jpg
2518400046,satellite_images\2518400046.jpg
7883603390,satellite_images\7883603390.jpg
9264960340,satellite_images\9264960340.jpg
1568100215,satellite_images\1568100215.jpg
6632300477,satellite_images\6632300477.jpg
5412310170,satellite_images\5412310170.jpg
8944600200,satellite_images\8944600200.jpg
6021502830,satellite_images\6021502830.jpg
91000320,satellite_images\91000320.jpg
1370800935,satellite_images\1370800935.jpg
9297300045,satellite_images\9297300045.jpg
7806450190,satellite_images\7806450190.jpg
9551202875,satellite_images\9551202875.jpg
2475901105,satellite_images\2475901105.jpg
3222079083,satellite_images\3222079083.jpg
203100625,satellite_images\203100625.jpg
9290860140,satellite_images\9290860140.jpg
2595650060,satellite_images\2595650060.jpg
2619950070,satellite_images\2619950070.jpg
853200040,satellite_images\853200040.jpg
7525211520,satellite_images\7525211520.jpg
7202350010,satellite_images\7202350010.jpg
5415000240,satellite_images\5415000240.jpg
3739500096,satellite_images\3739500096.jpg
9523102040,satellite_images\9523102040.jpg
4385700425,satellite_images\4385700425.jpg
7548300326,satellite_images\7548300326.jpg
4070700300,satellite_images\4070700300.jpg
4128500210,satellite_images\4128500210.jpg
7399100210,satellite_images\7399100210.jpg
8856950070,satellite_images\8856950070.jpg
2919702705,satellite_images\2919702705.jpg
2896400210,satellite_images\2896400210.jpg
621069057,satellite_images\621069057.jpg
8146100370,satellite_images\8146100370.jpg
291310260,satellite_images\291310260.jpg
9834200365,satellite_images\9834200365.jpg
8965450190,satellite_images\8965450190.jpg
3459700340,satellite_images\3459700340.jpg
9284801435,satellite_images\9284801435.jpg
6127010890,satellite_images\6127010890.jpg
7177300575,satellite_images\7177300575.jpg
2517000650,satellite_images\2517000650.jpg
3223059206,satellite_images\3223059206.jpg
4302700445,satellite_images\4302700445.jpg
6187500080,satellite_images\6187500080.jpg
5631500369,satellite_images\5631500369.jpg
425200145,satellite_images\425200145.jpg
4346300010,satellite_images\4346300010.jpg
255450410,satellite_images\255450410.jpg
5035300650,satellite_images\5035300650.jpg
3377900195,satellite_images\3377900195.jpg
1797501275,satellite_images\1797501275.jpg
3331500121,satellite_images\3331500121.jpg
164000361,satellite_images\164000361.jpg
3558900580,satellite_images\3558900580.jpg
1068000235,satellite_images\1068000235.jpg
2473002100,satellite_images\2473002100.jpg
8818400155,satellite_images\8818400155.jpg
4036800805,satellite_images\4036800805.jpg
1778350070,satellite_images\1778350070.jpg
4058200630,satellite_images\4058200630.jpg
8944460290,satellite_images\8944460290.jpg
1890000275,satellite_images\1890000275.jpg
7575620640,satellite_images\7575620640.jpg
3902310210,satellite_images\3902310210.jpg
6430000280,satellite_images\6430000280.jpg
795000620,satellite_images\795000620.jpg
8653900070,satellite_images\8653900070.jpg
8122100650,satellite_images\8122100650.jpg
1939130120,satellite_images\1939130120.jpg
1868900395,satellite_images\1868900395.jpg
1088810160,satellite_images\1088810160.jpg
1630700361,satellite_images\1630700361.jpg
3905010140,satellite_images\3905010140.jpg
2432000110,satellite_images\2432000110.jpg
3293700496,satellite_images\3293700496.jpg
8562890700,satellite_images\8562890700.jpg
6822100780,satellite_images\6822100780.jpg
3389900965,satellite_images\3389900965.jpg
6821101765,satellite_images\6821101765.jpg
2493200040,satellite_images\2493200040.jpg
7137900410,satellite_images\7137900410.jpg
8079010310,satellite_images\8079010310.jpg
546000245,satellite_images\546000245.jpg
7701960990,satellite_images\7701960990.jpg
1930300410,satellite_images\1930300410.jpg
3083000940,satellite_images\3083000940.jpg
3530490070,satellite_images\3530490070.jpg
7139800020,satellite_images\7139800020.jpg
5272200040,satellite_images\5272200040.jpg
5423600040,satellite_images\5423600040.jpg
2634500050,satellite_images\2634500050.jpg
1370803460,satellite_images\1370803460.jpg
6450302545,satellite_images\6450302545.jpg
7214800430,satellite_images\7214800430.jpg
430000175,satellite_images\430000175.jpg
9541600280,satellite_images\9541600280.jpg
9828700005,satellite_images\9828700005.jpg
7147400045,satellite_images\7147400045.jpg
4102000075,satellite_images\4102000075.jpg
2770606822,satellite_images\2770606822.jpg
2424059052,satellite_images\2424059052.jpg
3764800630,satellite_images\3764800630.jpg
9268850040,satellite_images\9268850040.jpg
1250200285,satellite_images\1250200285.jpg
2125059163,satellite_images\2125059163.jpg
4030100005,satellite_images\4030100005.jpg
9407102245,satellite_images\9407102245.jpg
1387301360,satellite_images\1387301360.jpg
9264930770,satellite_images\9264930770.jpg
7843500070,satellite_images\7843500070.jpg
2525300480,satellite_images\2525300480.jpg
6928000605,satellite_images\6928000605.jpg
7708200400,satellite_images\7708200400.jpg
8850000517,satellite_images\8850000517.jpg
524059330,satellite_images\524059330.jpg
6746700565,satellite_images\6746700565.jpg
721069087,satellite_images\721069087.jpg
1370800225,satellite_images\1370800225.jpg
8658300315,satellite_images\8658300315.jpg
7983000200,satellite_images\7983000200.jpg
2024059052,satellite_images\2024059052.jpg
3343300180,satellite_images\3343300180.jpg
7972600676,satellite_images\7972600676.jpg
1526069017,satellite_images\1526069017.jpg
2461900510,satellite_images\2461900510.jpg
3705900238,satellite_images\3705900238.jpg
8818400340,satellite_images\8818400340.jpg
8732040810,satellite_images\8732040810.jpg
5021900635,satellite_images\5021900635.jpg
1223039235,satellite_images\1223039235.jpg
7856620910,satellite_images\7856620910.jpg
808300490,satellite_images\808300490.jpg
7625702901,satellite_images\7625702901.jpg
8941500010,satellite_images\8941500010.jpg
3876100940,satellite_images\3876100940.jpg
1786700240,satellite_images\1786700240.jpg
5379806180,satellite_images\5379806180.jpg
2579500181,satellite_images\2579500181.jpg
6378500125,satellite_images\6378500125.jpg
9320900610,satellite_images\9320900610.jpg
326049111,satellite_images\326049111.jpg
1152700220,satellite_images\1152700220.jpg
6649500060,satellite_images\6649500060.jpg
1442870040,satellite_images\1442870040.jpg
5160700035,satellite_images\5160700035.jpg
8562770430,satellite_images\8562770430.jpg
1250202430,satellite_images\1250202430.jpg
8645500360,satellite_images\8645500360.jpg
425069136,satellite_images\425069136.jpg
5557500270,satellite_images\5557500270.jpg
1112000031,satellite_images\1112000031.jpg
2944000240,satellite_images\2944000240.jpg
2856102105,satellite_images\2856102105.jpg
4364700165,satellite_images\4364700165.jpg
5379802090,satellite_images\5379802090.jpg
1326059142,satellite_images\1326059142.jpg
3536900110,satellite_images\3536900110.jpg
4305500180,satellite_images\4305500180.jpg
9323000010,satellite_images\9323000010.jpg
461002150,satellite_images\461002150.jpg
8901000491,satellite_images\8901000491.jpg
3347400525,satellite_images\3347400525.jpg
7740100260,satellite_images\7740100260.jpg
6139100086,satellite_images\6139100086.jpg
5366200205,satellite_images\5366200205.jpg
1424200035,satellite_images\1424200035.jpg
375000165,satellite_images\375000165.jpg
1222069136,satellite_images\1222069136.jpg
3861500330,satellite_images\3861500330.jpg
9274200316,satellite_images\9274200316.jpg
4024100915,satellite_images\4024100915.jpg
7549801395,satellite_images\7549801395.jpg
5115000160,satellite_images\5115000160.jpg
8011100047,satellite_images\8011100047.jpg
2770605175,satellite_images\2770605175.jpg
6806300750,satellite_images\6806300750.jpg
6928000590,satellite_images\6928000590.jpg
126049231,satellite_images\126049231.jpg
686450490,satellite_images\686450490.jpg
2310000380,satellite_images\2310000380.jpg
4324200060,satellite_images\4324200060.jpg
267020090,satellite_images\267020090.jpg
5100402310,satellite_images\5100402310.jpg
7299600140,satellite_images\7299600140.jpg
1253200170,satellite_images\1253200170.jpg
7202331160,satellite_images\7202331160.jpg
3395041194,satellite_images\3395041194.jpg
257000057,satellite_images\257000057.jpg
3526039160,satellite_images\3526039160.jpg
7784400070,satellite_images\7784400070.jpg
7588700007,satellite_images\7588700007.jpg
4092302096,satellite_images\4092302096.jpg
7922800160,satellite_images\7922800160.jpg
7203220360,satellite_images\7203220360.jpg
7979900440,satellite_images\7979900440.jpg
1972201773,satellite_images\1972201773.jpg
3260810580,satellite_images\3260810580.jpg
7787110370,satellite_images\7787110370.jpg
2131701410,satellite_images\2131701410.jpg
3735900545,satellite_images\3735900545.jpg
1148000005,satellite_images\1148000005.jpg
1383500070,satellite_images\1383500070.jpg
2787720140,satellite_images\2787720140.jpg
9512501370,satellite_images\9512501370.jpg
2624089040,satellite_images\2624089040.jpg
8031700186,satellite_images\8031700186.jpg
9402800005,satellite_images\9402800005.jpg
405100295,satellite_images\405100295.jpg
1118001360,satellite_images\1118001360.jpg
4139440830,satellite_images\4139440830.jpg
4302200535,satellite_images\4302200535.jpg
1310440950,satellite_images\1310440950.jpg
9187200245,satellite_images\9187200245.jpg
5145100080,satellite_images\5145100080.jpg
2815600215,satellite_images\2815600215.jpg
8835210480,satellite_images\8835210480.jpg
8121100395,satellite_images\8121100395.jpg
9396700024,satellite_images\9396700024.jpg
8835200790,satellite_images\8835200790.jpg
1236300146,satellite_images\1236300146.jpg
7242800040,satellite_images\7242800040.jpg
123039336,satellite_images\123039336.jpg
1644510040,satellite_images\1644510040.jpg
2126059294,satellite_images\2126059294.jpg
5364200620,satellite_images\5364200620.jpg
2011400230,satellite_images\2011400230.jpg
1516000055,satellite_images\1516000055.jpg
3224600310,satellite_images\3224600310.jpg
5014600440,satellite_images\5014600440.jpg
5634500036,satellite_images\5634500036.jpg
6151800225,satellite_images\6151800225.jpg
2600100370,satellite_images\2600100370.jpg
3288200030,satellite_images\3288200030.jpg
1823059106,satellite_images\1823059106.jpg
7855801670,satellite_images\7855801670.jpg
8806900040,satellite_images\8806900040.jpg
5466000030,satellite_images\5466000030.jpg
6668900020,satellite_images\6668900020.jpg
5641300220,satellite_images\5641300220.jpg
8021700030,satellite_images\8021700030.jpg
3751602249,satellite_images\3751602249.jpg
1951700700,satellite_images\1951700700.jpg
3277801448,satellite_images\3277801448.jpg
7214810050,satellite_images\7214810050.jpg
3303950760,satellite_images\3303950760.jpg
2475200870,satellite_images\2475200870.jpg
8712100605,satellite_images\8712100605.jpg
7300000550,satellite_images\7300000550.jpg
1018000276,satellite_images\1018000276.jpg
7511200350,satellite_images\7511200350.jpg
304100010,satellite_images\304100010.jpg
9319800050,satellite_images\9319800050.jpg
8651510610,satellite_images\8651510610.jpg
2491200955,satellite_images\2491200955.jpg
1545805730,satellite_images\1545805730.jpg
1951800580,satellite_images\1951800580.jpg
5100403952,satellite_images\5100403952.jpg
6145600900,satellite_images\6145600900.jpg
5249804560,satellite_images\5249804560.jpg
3751600409,satellite_images\3751600409.jpg
8901001185,satellite_images\8901001185.jpg
8965520100,satellite_images\8965520100.jpg
9558800030,satellite_images\9558800030.jpg
6133100120,satellite_images\6133100120.jpg
6669020290,satellite_images\6669020290.jpg
8564860270,satellite_images\8564860270.jpg
5152100110,satellite_images\5152100110.jpg
1150700130,satellite_images\1150700130.jpg
8944460170,satellite_images\8944460170.jpg
2734100835,satellite_images\2734100835.jpg
1928300620,satellite_images\1928300620.jpg
795002375,satellite_images\795002375.jpg
2025049111,satellite_images\2025049111.jpg
455000190,satellite_images\455000190.jpg
9485950310,satellite_images\9485950310.jpg
7417100133,satellite_images\7417100133.jpg
8645540290,satellite_images\8645540290.jpg
2013300050,satellite_images\2013300050.jpg
8858100020,satellite_images\8858100020.jpg
191100410,satellite_images\191100410.jpg
8122100392,satellite_images\8122100392.jpg
7100000035,satellite_images\7100000035.jpg
4217400590,satellite_images\4217400590.jpg
2325069054,satellite_images\2325069054.jpg
3344500210,satellite_images\3344500210.jpg
1324079041,satellite_images\1324079041.jpg
263000329,satellite_images\263000329.jpg
7129302235,satellite_images\7129302235.jpg
7972601710,satellite_images\7972601710.jpg
7852150220,satellite_images\7852150220.jpg
3904901670,satellite_images\3904901670.jpg
3521049048,satellite_images\3521049048.jpg
9325200120,satellite_images\9325200120.jpg
8097000380,satellite_images\8097000380.jpg
1223049150,satellite_images\1223049150.jpg
7893203450,satellite_images\7893203450.jpg
1702901340,satellite_images\1702901340.jpg
7701960250,satellite_images\7701960250.jpg
3574801510,satellite_images\3574801510.jpg
3530430100,satellite_images\3530430100.jpg
3438501583,satellite_images\3438501583.jpg
2817260130,satellite_images\2817260130.jpg
7697800040,satellite_images\7697800040.jpg
7852180560,satellite_images\7852180560.jpg
820079081,satellite_images\820079081.jpg
4365200860,satellite_images\4365200860.jpg
7519000085,satellite_images\7519000085.jpg
3904930410,satellite_images\3904930410.jpg
5530000030,satellite_images\5530000030.jpg
7460000015,satellite_images\7460000015.jpg
982850080,satellite_images\982850080.jpg
5316100255,satellite_images\5316100255.jpg
8899210680,satellite_images\8899210680.jpg
2325300037,satellite_images\2325300037.jpg
8861700030,satellite_images\8861700030.jpg
1257200315,satellite_images\1257200315.jpg
5014600210,satellite_images\5014600210.jpg
2589300065,satellite_images\2589300065.jpg
3438500790,satellite_images\3438500790.jpg
2559950110,satellite_images\2559950110.jpg
7436700090,satellite_images\7436700090.jpg
3815500045,satellite_images\3815500045.jpg
5116000170,satellite_images\5116000170.jpg
2222059064,satellite_images\2222059064.jpg
6145600285,satellite_images\6145600285.jpg
5612100065,satellite_images\5612100065.jpg
3629830250,satellite_images\3629830250.jpg
2021200370,satellite_images\2021200370.jpg
7418000130,satellite_images\7418000130.jpg
5151200215,satellite_images\5151200215.jpg
6139800640,satellite_images\6139800640.jpg
3083001095,satellite_images\3083001095.jpg
9406510130,satellite_images\9406510130.jpg
2126049154,satellite_images\2126049154.jpg
2767600686,satellite_images\2767600686.jpg
6056111063,satellite_images\6056111063.jpg
2762600035,satellite_images\2762600035.jpg
7130300690,satellite_images\7130300690.jpg
8032700110,satellite_images\8032700110.jpg
3946900010,satellite_images\3946900010.jpg
5611500170,satellite_images\5611500170.jpg
1337800855,satellite_images\1337800855.jpg
9542840060,satellite_images\9542840060.jpg
6668900155,satellite_images\6668900155.jpg
2770604081,satellite_images\2770604081.jpg
3342103228,satellite_images\3342103228.jpg
9829201058,satellite_images\9829201058.jpg
2481600030,satellite_images\2481600030.jpg
3025079003,satellite_images\3025079003.jpg
6600410290,satellite_images\6600410290.jpg
4077800376,satellite_images\4077800376.jpg
7852120180,satellite_images\7852120180.jpg
1332700200,satellite_images\1332700200.jpg
625049313,satellite_images\625049313.jpg
1102000759,satellite_images\1102000759.jpg
8137500730,satellite_images\8137500730.jpg
8682320640,satellite_images\8682320640.jpg
3629960060,satellite_images\3629960060.jpg
7202290140,satellite_images\7202290140.jpg
1524079093,satellite_images\1524079093.jpg
7972601885,satellite_images\7972601885.jpg
524069075,satellite_images\524069075.jpg
1826049362,satellite_images\1826049362.jpg
4046600320,satellite_images\4046600320.jpg
1438000200,satellite_images\1438000200.jpg
3211230080,satellite_images\3211230080.jpg
207500012,satellite_images\207500012.jpg
7319900345,satellite_images\7319900345.jpg
7853340430,satellite_images\7853340430.jpg
922069169,satellite_images\922069169.jpg
1443500725,satellite_images\1443500725.jpg
208500160,satellite_images\208500160.jpg
4365200865,satellite_images\4365200865.jpg
6072800170,satellite_images\6072800170.jpg
880000205,satellite_images\880000205.jpg
9808590310,satellite_images\9808590310.jpg
1336800160,satellite_images\1336800160.jpg
9455200445,satellite_images\9455200445.jpg
4459800070,satellite_images\4459800070.jpg
3299600120,satellite_images\3299600120.jpg
8670000060,satellite_images\8670000060.jpg
1442800060,satellite_images\1442800060.jpg
8563070030,satellite_images\8563070030.jpg
6790830090,satellite_images\6790830090.jpg
6072700110,satellite_images\6072700110.jpg
8011100095,satellite_images\8011100095.jpg
9477580030,satellite_images\9477580030.jpg
8155000040,satellite_images\8155000040.jpg
1136100006,satellite_images\1136100006.jpg
3905040780,satellite_images\3905040780.jpg
411100005,satellite_images\411100005.jpg
3501600114,satellite_images\3501600114.jpg
1522700060,satellite_images\1522700060.jpg
7298050110,satellite_images\7298050110.jpg
868001705,satellite_images\868001705.jpg
7857000900,satellite_images\7857000900.jpg
1025049115,satellite_images\1025049115.jpg
2311400195,satellite_images\2311400195.jpg
3566800040,satellite_images\3566800040.jpg
8807810050,satellite_images\8807810050.jpg
7856560320,satellite_images\7856560320.jpg
7283900521,satellite_images\7283900521.jpg
420069021,satellite_images\420069021.jpg
7308900100,satellite_images\7308900100.jpg
6817800220,satellite_images\6817800220.jpg
2938100010,satellite_images\2938100010.jpg
5100400244,satellite_images\5100400244.jpg
5104540610,satellite_images\5104540610.jpg
5316100980,satellite_images\5316100980.jpg
104530490,satellite_images\104530490.jpg
7570050450,satellite_images\7570050450.jpg
9408300180,satellite_images\9408300180.jpg
434000040,satellite_images\434000040.jpg
3122069029,satellite_images\3122069029.jpg
4154304740,satellite_images\4154304740.jpg
2143700861,satellite_images\2143700861.jpg
339600190,satellite_images\339600190.jpg
3904921250,satellite_images\3904921250.jpg
5016002240,satellite_images\5016002240.jpg
2597500090,satellite_images\2597500090.jpg
1337800284,satellite_images\1337800284.jpg
3356402702,satellite_images\3356402702.jpg
8663200450,satellite_images\8663200450.jpg
3888100030,satellite_images\3888100030.jpg
3570000160,satellite_images\3570000160.jpg
1925059049,satellite_images\1925059049.jpg
3876312490,satellite_images\3876312490.jpg
3026059362,satellite_images\3026059362.jpg
8665900295,satellite_images\8665900295.jpg
6381500690,satellite_images\6381500690.jpg
6071200455,satellite_images\6071200455.jpg
8682260850,satellite_images\8682260850.jpg
6143600555,satellite_images\6143600555.jpg
1377300135,satellite_images\1377300135.jpg
2473350930,satellite_images\2473350930.jpg
98000750,satellite_images\98000750.jpg
1180002470,satellite_images\1180002470.jpg
7123400045,satellite_images\7123400045.jpg
5125400385,satellite_images\5125400385.jpg
1150700170,satellite_images\1150700170.jpg
5603800110,satellite_images\5603800110.jpg
9136101335,satellite_images\9136101335.jpg
2425039017,satellite_images\2425039017.jpg
1959702045,satellite_images\1959702045.jpg
1442870420,satellite_images\1442870420.jpg
3834000004,satellite_images\3834000004.jpg
4047200580,satellite_images\4047200580.jpg
133000271,satellite_images\133000271.jpg
4058801670,satellite_images\4058801670.jpg
8663310050,satellite_images\8663310050.jpg
2895800380,satellite_images\2895800380.jpg
8146100580,satellite_images\8146100580.jpg
4397010480,satellite_images\4397010480.jpg
1769600147,satellite_images\1769600147.jpg
9839300545,satellite_images\9839300545.jpg
7853321090,satellite_images\7853321090.jpg
1610000016,satellite_images\1610000016.jpg
5727500006,satellite_images\5727500006.jpg
9542801410,satellite_images\9542801410.jpg
4454800060,satellite_images\4454800060.jpg
5550300205,satellite_images\5550300205.jpg
4167700240,satellite_images\4167700240.jpg
3630200080,satellite_images\3630200080.jpg
4239400960,satellite_images\4239400960.jpg
5451200370,satellite_images\5451200370.jpg
4039800080,satellite_images\4039800080.jpg
4045100075,satellite_images\4045100075.jpg
1402600040,satellite_images\1402600040.jpg
6362900171,satellite_images\6362900171.jpg
6817750340,satellite_images\6817750340.jpg
3299710110,satellite_images\3299710110.jpg
8835200230,satellite_images\8835200230.jpg
4139460390,satellite_images\4139460390.jpg
2938200170,satellite_images\2938200170.jpg
7695500240,satellite_images\7695500240.jpg
1446800511,satellite_images\1446800511.jpg
3419600125,satellite_images\3419600125.jpg
4327600010,satellite_images\4327600010.jpg
9407001610,satellite_images\9407001610.jpg
5366200460,satellite_images\5366200460.jpg
8562600500,satellite_images\8562600500.jpg
2738640310,satellite_images\2738640310.jpg
1254200015,satellite_images\1254200015.jpg
9285800735,satellite_images\9285800735.jpg
5318101185,satellite_images\5318101185.jpg
5101404351,satellite_images\5101404351.jpg
1085622460,satellite_images\1085622460.jpg
3023049236,satellite_images\3023049236.jpg
224069010,satellite_images\224069010.jpg
1245001763,satellite_images\1245001763.jpg
6300000226,satellite_images\6300000226.jpg
2267000453,satellite_images\2267000453.jpg
1088800060,satellite_images\1088800060.jpg
6305900300,satellite_images\6305900300.jpg
6145600865,satellite_images\6145600865.jpg
1061500110,satellite_images\1061500110.jpg
164000261,satellite_images\164000261.jpg
6620400631,satellite_images\6620400631.jpg
3148750050,satellite_images\3148750050.jpg
2333230270,satellite_images\2333230270.jpg
2105200010,satellite_images\2105200010.jpg
7519000335,satellite_images\7519000335.jpg
7137900320,satellite_images\7137900320.jpg
1727500390,satellite_images\1727500390.jpg
4389200761,satellite_images\4389200761.jpg
8678500060,satellite_images\8678500060.jpg
4325000125,satellite_images\4325000125.jpg
42000065,satellite_images\42000065.jpg
4322300010,satellite_images\4322300010.jpg
4167800130,satellite_images\4167800130.jpg
7148700050,satellite_images\7148700050.jpg
326069164,satellite_images\326069164.jpg
723049274,satellite_images\723049274.jpg
2968800626,satellite_images\2968800626.jpg
6703100140,satellite_images\6703100140.jpg
622059031,satellite_images\622059031.jpg
809002680,satellite_images\809002680.jpg
4024101254,satellite_images\4024101254.jpg
9265880040,satellite_images\9265880040.jpg
2212901010,satellite_images\2212901010.jpg
9478500570,satellite_images\9478500570.jpg
8682281170,satellite_images\8682281170.jpg
629420260,satellite_images\629420260.jpg
7852020580,satellite_images\7852020580.jpg
6402700110,satellite_images\6402700110.jpg
5652600556,satellite_images\5652600556.jpg
4302200590,satellite_images\4302200590.jpg
3298300420,satellite_images\3298300420.jpg
4338800190,satellite_images\4338800190.jpg
2426049113,satellite_images\2426049113.jpg
5153200486,satellite_images\5153200486.jpg
1377300020,satellite_images\1377300020.jpg
1402000210,satellite_images\1402000210.jpg
3650100105,satellite_images\3650100105.jpg
3324069541,satellite_images\3324069541.jpg
2919200440,satellite_images\2919200440.jpg
2968801510,satellite_images\2968801510.jpg
7853210050,satellite_images\7853210050.jpg
2856100260,satellite_images\2856100260.jpg
50300220,satellite_images\50300220.jpg
2391600320,satellite_images\2391600320.jpg
984100450,satellite_images\984100450.jpg
461005435,satellite_images\461005435.jpg
2896310120,satellite_images\2896310120.jpg
9325200110,satellite_images\9325200110.jpg
8802400896,satellite_images\8802400896.jpg
7149410060,satellite_images\7149410060.jpg
2190601055,satellite_images\2190601055.jpg
2568200170,satellite_images\2568200170.jpg
112900110,satellite_images\112900110.jpg
452001570,satellite_images\452001570.jpg
7437100210,satellite_images\7437100210.jpg
3574300250,satellite_images\3574300250.jpg
5393601050,satellite_images\5393601050.jpg
8091410530,satellite_images\8091410530.jpg
5637200200,satellite_images\5637200200.jpg
1523300140,satellite_images\1523300140.jpg
1762600320,satellite_images\1762600320.jpg
7888200140,satellite_images\7888200140.jpg
3395040580,satellite_images\3395040580.jpg
7227500865,satellite_images\7227500865.jpg
2710600015,satellite_images\2710600015.jpg
203100690,satellite_images\203100690.jpg
2652500155,satellite_images\2652500155.jpg
2025049161,satellite_images\2025049161.jpg
8857600540,satellite_images\8857600540.jpg
5393600562,satellite_images\5393600562.jpg
179000240,satellite_images\179000240.jpg
6772200055,satellite_images\6772200055.jpg
6821100246,satellite_images\6821100246.jpg
7454000295,satellite_images\7454000295.jpg
7754900280,satellite_images\7754900280.jpg
3630000150,satellite_images\3630000150.jpg
9414610010,satellite_images\9414610010.jpg
2781260370,satellite_images\2781260370.jpg
255000320,satellite_images\255000320.jpg
6126600950,satellite_images\6126600950.jpg
1442880610,satellite_images\1442880610.jpg
7420100040,satellite_images\7420100040.jpg
3528900768,satellite_images\3528900768.jpg
5525400530,satellite_images\5525400530.jpg
7234601445,satellite_images\7234601445.jpg
1562100380,satellite_images\1562100380.jpg
9828702336,satellite_images\9828702336.jpg
3874000240,satellite_images\3874000240.jpg
952002765,satellite_images\952002765.jpg
1775930140,satellite_images\1775930140.jpg
7853310450,satellite_images\7853310450.jpg
1091500120,satellite_images\1091500120.jpg
2024069008,satellite_images\2024069008.jpg
3528900771,satellite_images\3528900771.jpg
1036000280,satellite_images\1036000280.jpg
4442800008,satellite_images\4442800008.jpg
5365200040,satellite_images\5365200040.jpg
3644100073,satellite_images\3644100073.jpg
3324079089,satellite_images\3324079089.jpg
8732190460,satellite_images\8732190460.jpg
2783100230,satellite_images\2783100230.jpg
1437900020,satellite_images\1437900020.jpg
1604601855,satellite_images\1604601855.jpg
510002010,satellite_images\510002010.jpg
8818900060,satellite_images\8818900060.jpg
1646500810,satellite_images\1646500810.jpg
424069088,satellite_images\424069088.jpg
752000035,satellite_images\752000035.jpg
3787000120,satellite_images\3787000120.jpg
3353404265,satellite_images\3353404265.jpg
9578080040,satellite_images\9578080040.jpg
4060000240,satellite_images\4060000240.jpg
2787700210,satellite_images\2787700210.jpg
1153000150,satellite_images\1153000150.jpg
114100155,satellite_images\114100155.jpg
9544200277,satellite_images\9544200277.jpg
7933510080,satellite_images\7933510080.jpg
8151600663,satellite_images\8151600663.jpg
6411600370,satellite_images\6411600370.jpg
3972300100,satellite_images\3972300100.jpg
6392003810,satellite_images\6392003810.jpg
3362900696,satellite_images\3362900696.jpg
8651611590,satellite_images\8651611590.jpg
9358000552,satellite_images\9358000552.jpg
5683500085,satellite_images\5683500085.jpg
6413600192,satellite_images\6413600192.jpg
9306500200,satellite_images\9306500200.jpg
6431000196,satellite_images\6431000196.jpg
1321710460,satellite_images\1321710460.jpg
6204400170,satellite_images\6204400170.jpg
925049360,satellite_images\925049360.jpg
1862400522,satellite_images\1862400522.jpg
2767601752,satellite_images\2767601752.jpg
8691400600,satellite_images\8691400600.jpg
5651010150,satellite_images\5651010150.jpg
3904950190,satellite_images\3904950190.jpg
2877104316,satellite_images\2877104316.jpg
7517500310,satellite_images\7517500310.jpg
235000075,satellite_images\235000075.jpg
5026900235,satellite_images\5026900235.jpg
3764500090,satellite_images\3764500090.jpg
3034200197,satellite_images\3034200197.jpg
6829900080,satellite_images\6829900080.jpg
4054560170,satellite_images\4054560170.jpg
2450000275,satellite_images\2450000275.jpg
9275702405,satellite_images\9275702405.jpg
1061400360,satellite_images\1061400360.jpg
2767800065,satellite_images\2767800065.jpg
4113800330,satellite_images\4113800330.jpg
179001455,satellite_images\179001455.jpg
9222400605,satellite_images\9222400605.jpg
1626069102,satellite_images\1626069102.jpg
4351300978,satellite_images\4351300978.jpg
6752300120,satellite_images\6752300120.jpg
4068300160,satellite_images\4068300160.jpg
3570300080,satellite_images\3570300080.jpg
1972202505,satellite_images\1972202505.jpg
6979920090,satellite_images\6979920090.jpg
8001210170,satellite_images\8001210170.jpg
7745500015,satellite_images\7745500015.jpg
7961500010,satellite_images\7961500010.jpg
5151200290,satellite_images\5151200290.jpg
9524100050,satellite_images\9524100050.jpg
424049283,satellite_images\424049283.jpg
421069081,satellite_images\421069081.jpg
1972200882,satellite_images\1972200882.jpg
1311600030,satellite_images\1311600030.jpg
6811000220,satellite_images\6811000220.jpg
3131201310,satellite_images\3131201310.jpg
4218400100,satellite_images\4218400100.jpg
4047200065,satellite_images\4047200065.jpg
1193000115,satellite_images\1193000115.jpg
2741100800,satellite_images\2741100800.jpg
5672000020,satellite_images\5672000020.jpg
1025069106,satellite_images\1025069106.jpg
5631500292,satellite_images\5631500292.jpg
1300300730,satellite_images\1300300730.jpg
3448001411,satellite_images\3448001411.jpg
3416601045,satellite_images\3416601045.jpg
826079047,satellite_images\826079047.jpg
2513500010,satellite_images\2513500010.jpg
9465200405,satellite_images\9465200405.jpg
3306200010,satellite_images\3306200010.jpg
5412101150,satellite_images\5412101150.jpg
8965400210,satellite_images\8965400210.jpg
3226049134,satellite_images\3226049134.jpg
3886902870,satellite_images\3886902870.jpg
6679000130,satellite_images\6679000130.jpg
3630070280,satellite_images\3630070280.jpg
3295610080,satellite_images\3295610080.jpg
3904990260,satellite_images\3904990260.jpg
4379600030,satellite_images\4379600030.jpg
1508210230,satellite_images\1508210230.jpg
2734100065,satellite_images\2734100065.jpg
5550300175,satellite_images\5550300175.jpg
9822700295,satellite_images\9822700295.jpg
6415100122,satellite_images\6415100122.jpg
2747100024,satellite_images\2747100024.jpg
6848200325,satellite_images\6848200325.jpg
3824100166,satellite_images\3824100166.jpg
2460700650,satellite_images\2460700650.jpg
3815500165,satellite_images\3815500165.jpg
9510860750,satellite_images\9510860750.jpg
8085400401,satellite_images\8085400401.jpg
1224049095,satellite_images\1224049095.jpg
7686203385,satellite_images\7686203385.jpg
7221400320,satellite_images\7221400320.jpg
2768000390,satellite_images\2768000390.jpg
31200020,satellite_images\31200020.jpg
9238900390,satellite_images\9238900390.jpg
7574910420,satellite_images\7574910420.jpg
254000175,satellite_images\254000175.jpg
809002675,satellite_images\809002675.jpg
9264901490,satellite_images\9264901490.jpg
1062100100,satellite_images\1062100100.jpg
3530420020,satellite_images\3530420020.jpg
1888120080,satellite_images\1888120080.jpg
6624010170,satellite_images\6624010170.jpg
7575500040,satellite_images\7575500040.jpg
6821102352,satellite_images\6821102352.jpg
1760650500,satellite_images\1760650500.jpg
1777600880,satellite_images\1777600880.jpg
7399200510,satellite_images\7399200510.jpg
6305900350,satellite_images\6305900350.jpg
5561000920,satellite_images\5561000920.jpg
1376800115,satellite_images\1376800115.jpg
6145600041,satellite_images\6145600041.jpg
9448300115,satellite_images\9448300115.jpg
7972603950,satellite_images\7972603950.jpg
263000040,satellite_images\263000040.jpg
263000327,satellite_images\263000327.jpg
2310050040,satellite_images\2310050040.jpg
2730000270,satellite_images\2730000270.jpg
7167000020,satellite_images\7167000020.jpg
40000235,satellite_images\40000235.jpg
2326300010,satellite_images\2326300010.jpg
1604590190,satellite_images\1604590190.jpg
1053000010,satellite_images\1053000010.jpg
1522059120,satellite_images\1522059120.jpg
6381500265,satellite_images\6381500265.jpg
6918710340,satellite_images\6918710340.jpg
224069129,satellite_images\224069129.jpg
2785000110,satellite_images\2785000110.jpg
9831200221,satellite_images\9831200221.jpg
2421069039,satellite_images\2421069039.jpg
6338000014,satellite_images\6338000014.jpg
1922059197,satellite_images\1922059197.jpg
5101400838,satellite_images\5101400838.jpg
8682290100,satellite_images\8682290100.jpg
2224069165,satellite_images\2224069165.jpg
3964400120,satellite_images\3964400120.jpg
7237501370,satellite_images\7237501370.jpg
1221000562,satellite_images\1221000562.jpg
1530900290,satellite_images\1530900290.jpg
2424059127,satellite_images\2424059127.jpg
7657000540,satellite_images\7657000540.jpg
6623400187,satellite_images\6623400187.jpg
6799300150,satellite_images\6799300150.jpg
5702380500,satellite_images\5702380500.jpg
6798100652,satellite_images\6798100652.jpg
7202470100,satellite_images\7202470100.jpg
6844700575,satellite_images\6844700575.jpg
924069042,satellite_images\924069042.jpg
1026069155,satellite_images\1026069155.jpg
1026069120,satellite_images\1026069120.jpg
3223039089,satellite_images\3223039089.jpg
9828201745,satellite_images\9828201745.jpg
8656300080,satellite_images\8656300080.jpg
11501310,satellite_images\11501310.jpg
2129700142,satellite_images\2129700142.jpg
3575305362,satellite_images\3575305362.jpg
7631800025,satellite_images\7631800025.jpg
3211200140,satellite_images\3211200140.jpg
3158500460,satellite_images\3158500460.jpg
1926049355,satellite_images\1926049355.jpg
8682292190,satellite_images\8682292190.jpg
3293400020,satellite_images\3293400020.jpg
9831200159,satellite_images\9831200159.jpg
5016001619,satellite_images\5016001619.jpg
8914200060,satellite_images\8914200060.jpg
5706200280,satellite_images\5706200280.jpg
9485950040,satellite_images\9485950040.jpg
1782500065,satellite_images\1782500065.jpg
8902000050,satellite_images\8902000050.jpg
1621069045,satellite_images\1621069045.jpg
2770605550,satellite_images\2770605550.jpg
421000500,satellite_images\421000500.jpg
7461400400,satellite_images\7461400400.jpg
3192000080,satellite_images\3192000080.jpg
2770601530,satellite_images\2770601530.jpg
9269750010,satellite_images\9269750010.jpg
3856904655,satellite_images\3856904655.jpg
5469000100,satellite_images\5469000100.jpg
1645000710,satellite_images\1645000710.jpg
4140940130,satellite_images\4140940130.jpg
1775500362,satellite_images\1775500362.jpg
5364200649,satellite_images\5364200649.jpg
9297300500,satellite_images\9297300500.jpg
5132000140,satellite_images\5132000140.jpg
3761100341,satellite_images\3761100341.jpg
5147600095,satellite_images\5147600095.jpg
3261020080,satellite_images\3261020080.jpg
3303980650,satellite_images\3303980650.jpg
3629990110,satellite_images\3629990110.jpg
8643000225,satellite_images\8643000225.jpg
7227800055,satellite_images\7227800055.jpg
191101015,satellite_images\191101015.jpg
9528105305,satellite_images\9528105305.jpg
2985800225,satellite_images\2985800225.jpg
9275700005,satellite_images\9275700005.jpg
1081300390,satellite_images\1081300390.jpg
4046710180,satellite_images\4046710180.jpg
7696300180,satellite_images\7696300180.jpg
5493110020,satellite_images\5493110020.jpg
322059311,satellite_images\322059311.jpg
8856950240,satellite_images\8856950240.jpg
713500030,satellite_images\713500030.jpg
4435000490,satellite_images\4435000490.jpg
8718500095,satellite_images\8718500095.jpg
1025059094,satellite_images\1025059094.jpg
7663700610,satellite_images\7663700610.jpg
3524039228,satellite_images\3524039228.jpg
2113200065,satellite_images\2113200065.jpg
9828200545,satellite_images\9828200545.jpg
4309710250,satellite_images\4309710250.jpg
7768800280,satellite_images\7768800280.jpg
7504110110,satellite_images\7504110110.jpg
9211010840,satellite_images\9211010840.jpg
3401700040,satellite_images\3401700040.jpg
9323610110,satellite_images\9323610110.jpg
1117200550,satellite_images\1117200550.jpg
5476200160,satellite_images\5476200160.jpg
1683600130,satellite_images\1683600130.jpg
1854750090,satellite_images\1854750090.jpg
3793500160,satellite_images\3793500160.jpg
1862400226,satellite_images\1862400226.jpg
2771104010,satellite_images\2771104010.jpg
2022059308,satellite_images\2022059308.jpg
6137610190,satellite_images\6137610190.jpg
1545806980,satellite_images\1545806980.jpg
1624079021,satellite_images\1624079021.jpg
7324900016,satellite_images\7324900016.jpg
7972600765,satellite_images\7972600765.jpg
6072400470,satellite_images\6072400470.jpg
3830630140,satellite_images\3830630140.jpg
822069029,satellite_images\822069029.jpg
1443500305,satellite_images\1443500305.jpg
6373000130,satellite_images\6373000130.jpg
2193320210,satellite_images\2193320210.jpg
3275300440,satellite_images\3275300440.jpg
321030010,satellite_images\321030010.jpg
7941500170,satellite_images\7941500170.jpg
7525000080,satellite_images\7525000080.jpg
9485740340,satellite_images\9485740340.jpg
567000680,satellite_images\567000680.jpg
5014000120,satellite_images\5014000120.jpg
7282900025,satellite_images\7282900025.jpg
3432501415,satellite_images\3432501415.jpg
9543000945,satellite_images\9543000945.jpg
1257201420,satellite_images\1257201420.jpg
3300701615,satellite_images\3300701615.jpg
9485700136,satellite_images\9485700136.jpg
3295610200,satellite_images\3295610200.jpg
2423020260,satellite_images\2423020260.jpg
8682210650,satellite_images\8682210650.jpg
6150700169,satellite_images\6150700169.jpg
3751600025,satellite_images\3751600025.jpg
9476200580,satellite_images\9476200580.jpg
1765100025,satellite_images\1765100025.jpg
333100265,satellite_images\333100265.jpg
4139420640,satellite_images\4139420640.jpg
464001115,satellite_images\464001115.jpg
1862400176,satellite_images\1862400176.jpg
7904700032,satellite_images\7904700032.jpg
3342101937,satellite_images\3342101937.jpg
8669150700,satellite_images\8669150700.jpg
1175001075,satellite_images\1175001075.jpg
5679501310,satellite_images\5679501310.jpg
8638500020,satellite_images\8638500020.jpg
5207200160,satellite_images\5207200160.jpg
8122100355,satellite_images\8122100355.jpg
3243200310,satellite_images\3243200310.jpg
3438501320,satellite_images\3438501320.jpg
339600460,satellite_images\339600460.jpg
2592400140,satellite_images\2592400140.jpg
4232903265,satellite_images\4232903265.jpg
3224059107,satellite_images\3224059107.jpg
3291800510,satellite_images\3291800510.jpg
3211200290,satellite_images\3211200290.jpg
3971700981,satellite_images\3971700981.jpg
3244500078,satellite_images\3244500078.jpg
3585901025,satellite_images\3585901025.jpg
726049190,satellite_images\726049190.jpg
2864600105,satellite_images\2864600105.jpg
1026049082,satellite_images\1026049082.jpg
8906200070,satellite_images\8906200070.jpg
9353300220,satellite_images\9353300220.jpg
1126049105,satellite_images\1126049105.jpg
1240700006,satellite_images\1240700006.jpg
2108500110,satellite_images\2108500110.jpg
9526600710,satellite_images\9526600710.jpg
223049087,satellite_images\223049087.jpg
7701930180,satellite_images\7701930180.jpg
5423030300,satellite_images\5423030300.jpg
3629980080,satellite_images\3629980080.jpg
644200090,satellite_images\644200090.jpg
7883603648,satellite_images\7883603648.jpg
3211240320,satellite_images\3211240320.jpg
2873000920,satellite_images\2873000920.jpg
3879900750,satellite_images\3879900750.jpg
2215901650,satellite_images\2215901650.jpg
2472950120,satellite_images\2472950120.jpg
7626200280,satellite_images\7626200280.jpg
4358700135,satellite_images\4358700135.jpg
710600160,satellite_images\710600160.jpg
8567300110,satellite_images\8567300110.jpg
3323069084,satellite_images\3323069084.jpg
4331000265,satellite_images\4331000265.jpg
4178300040,satellite_images\4178300040.jpg
726059048,satellite_images\726059048.jpg
1389600080,satellite_images\1389600080.jpg
3275310220,satellite_images\3275310220.jpg
5561300730,satellite_images\5561300730.jpg
8032700175,satellite_images\8032700175.jpg
3141600600,satellite_images\3141600600.jpg
1189000825,satellite_images\1189000825.jpg
2537500040,satellite_images\2537500040.jpg
1266200120,satellite_images\1266200120.jpg
1176001195,satellite_images\1176001195.jpg
2821049082,satellite_images\2821049082.jpg
3179101070,satellite_images\3179101070.jpg
1541700170,satellite_images\1541700170.jpg
6021503570,satellite_images\6021503570.jpg
3404700080,satellite_images\3404700080.jpg
5076900010,satellite_images\5076900010.jpg
323049148,satellite_images\323049148.jpg
9528100963,satellite_images\9528100963.jpg
9523102580,satellite_images\9523102580.jpg
3343901340,satellite_images\3343901340.jpg
1321059052,satellite_images\1321059052.jpg
7011201470,satellite_images\7011201470.jpg
7972601445,satellite_images\7972601445.jpg
3205100110,satellite_images\3205100110.jpg
5710610520,satellite_images\5710610520.jpg
203101530,satellite_images\203101530.jpg
3524039204,satellite_images\3524039204.jpg
4388000140,satellite_images\4388000140.jpg
8682320600,satellite_images\8682320600.jpg
125059138,satellite_images\125059138.jpg
9557300560,satellite_images\9557300560.jpg
7202331500,satellite_images\7202331500.jpg
4136950180,satellite_images\4136950180.jpg
2323069073,satellite_images\2323069073.jpg
1136100062,satellite_images\1136100062.jpg
6073200010,satellite_images\6073200010.jpg
1781500435,satellite_images\1781500435.jpg
8682230590,satellite_images\8682230590.jpg
492000475,satellite_images\492000475.jpg
6169901185,satellite_images\6169901185.jpg
5104540500,satellite_images\5104540500.jpg
2739200040,satellite_images\2739200040.jpg
6933600540,satellite_images\6933600540.jpg
8805400010,satellite_images\8805400010.jpg
766500030,satellite_images\766500030.jpg
8669180150,satellite_images\8669180150.jpg
7934000090,satellite_images\7934000090.jpg
7852140170,satellite_images\7852140170.jpg
7983100150,satellite_images\7983100150.jpg
3333001430,satellite_images\3333001430.jpg
1245001216,satellite_images\1245001216.jpg
8142000060,satellite_images\8142000060.jpg
2380000040,satellite_images\2380000040.jpg
9324800110,satellite_images\9324800110.jpg
7525050150,satellite_images\7525050150.jpg
7888000400,satellite_images\7888000400.jpg
1626069178,satellite_images\1626069178.jpg
7011201476,satellite_images\7011201476.jpg
9349900110,satellite_images\9349900110.jpg
2998300075,satellite_images\2998300075.jpg
8937500020,satellite_images\8937500020.jpg
9510900070,satellite_images\9510900070.jpg
9289100170,satellite_images\9289100170.jpg
2322059136,satellite_images\2322059136.jpg
4237900645,satellite_images\4237900645.jpg
2011400401,satellite_images\2011400401.jpg
7985100190,satellite_images\7985100190.jpg
2968801315,satellite_images\2968801315.jpg
6865200981,satellite_images\6865200981.jpg
3888100133,satellite_images\3888100133.jpg
2188200785,satellite_images\2188200785.jpg
8910500237,satellite_images\8910500237.jpg
4172100050,satellite_images\4172100050.jpg
2195700270,satellite_images\2195700270.jpg
2525000510,satellite_images\2525000510.jpg
4104910040,satellite_images\4104910040.jpg
809001565,satellite_images\809001565.jpg
1774220160,satellite_images\1774220160.jpg
9264911550,satellite_images\9264911550.jpg
9183703376,satellite_images\9183703376.jpg
3025300225,satellite_images\3025300225.jpg
4045500625,satellite_images\4045500625.jpg
9265880170,satellite_images\9265880170.jpg
7855200120,satellite_images\7855200120.jpg
2697100140,satellite_images\2697100140.jpg
5459000240,satellite_images\5459000240.jpg
4365200520,satellite_images\4365200520.jpg
1565600130,satellite_images\1565600130.jpg
1445500010,satellite_images\1445500010.jpg
4401200350,satellite_images\4401200350.jpg
124069032,satellite_images\124069032.jpg
7215730090,satellite_images\7215730090.jpg
7972600670,satellite_images\7972600670.jpg
9211010330,satellite_images\9211010330.jpg
1313300400,satellite_images\1313300400.jpg
9536600810,satellite_images\9536600810.jpg
6751500185,satellite_images\6751500185.jpg
1775950100,satellite_images\1775950100.jpg
823000174,satellite_images\823000174.jpg
7950300005,satellite_images\7950300005.jpg
7199360100,satellite_images\7199360100.jpg
587550470,satellite_images\587550470.jpg
7272001610,satellite_images\7272001610.jpg
2025700130,satellite_images\2025700130.jpg
3530450100,satellite_images\3530450100.jpg
9423400193,satellite_images\9423400193.jpg
2112700240,satellite_images\2112700240.jpg
7787120500,satellite_images\7787120500.jpg
6392002550,satellite_images\6392002550.jpg
2322069114,satellite_images\2322069114.jpg
8121100255,satellite_images\8121100255.jpg
1703050420,satellite_images\1703050420.jpg
9407001830,satellite_images\9407001830.jpg
3523029059,satellite_images\3523029059.jpg
2663000345,satellite_images\2663000345.jpg
9550203690,satellite_images\9550203690.jpg
6414600051,satellite_images\6414600051.jpg
7812801925,satellite_images\7812801925.jpg
5416100160,satellite_images\5416100160.jpg
2591720160,satellite_images\2591720160.jpg
2481630290,satellite_images\2481630290.jpg
2473411080,satellite_images\2473411080.jpg
1003000175,satellite_images\1003000175.jpg
8857310010,satellite_images\8857310010.jpg
9268200300,satellite_images\9268200300.jpg
259600560,satellite_images\259600560.jpg
6646200710,satellite_images\6646200710.jpg
9412700550,satellite_images\9412700550.jpg
475000975,satellite_images\475000975.jpg
9508850120,satellite_images\9508850120.jpg
7893207510,satellite_images\7893207510.jpg
4364700990,satellite_images\4364700990.jpg
5420800090,satellite_images\5420800090.jpg
7199340650,satellite_images\7199340650.jpg
5608010980,satellite_images\5608010980.jpg
7454000555,satellite_images\7454000555.jpg
8121100265,satellite_images\8121100265.jpg
1702901557,satellite_images\1702901557.jpg
3438500036,satellite_images\3438500036.jpg
3303850360,satellite_images\3303850360.jpg
7276100145,satellite_images\7276100145.jpg
1310370020,satellite_images\1310370020.jpg
3888100029,satellite_images\3888100029.jpg
2624039133,satellite_images\2624039133.jpg
293670040,satellite_images\293670040.jpg
8835200610,satellite_images\8835200610.jpg
7132300042,satellite_images\7132300042.jpg
1523049207,satellite_images\1523049207.jpg
6012500170,satellite_images\6012500170.jpg
7812800155,satellite_images\7812800155.jpg
2768301477,satellite_images\2768301477.jpg
7202360430,satellite_images\7202360430.jpg
6076500364,satellite_images\6076500364.jpg
8665050450,satellite_images\8665050450.jpg
6678900150,satellite_images\6678900150.jpg
6752600050,satellite_images\6752600050.jpg
7567600045,satellite_images\7567600045.jpg
8682280970,satellite_images\8682280970.jpg
809003085,satellite_images\809003085.jpg
5379804150,satellite_images\5379804150.jpg
3797000295,satellite_images\3797000295.jpg
7277100395,satellite_images\7277100395.jpg
4336000050,satellite_images\4336000050.jpg
6649250410,satellite_images\6649250410.jpg
1224049080,satellite_images\1224049080.jpg
4067600275,satellite_images\4067600275.jpg
3867400180,satellite_images\3867400180.jpg
3235390010,satellite_images\3235390010.jpg
2867700035,satellite_images\2867700035.jpg
9532000010,satellite_images\9532000010.jpg
263000009,satellite_images\263000009.jpg
2522059251,satellite_images\2522059251.jpg
9477201150,satellite_images\9477201150.jpg
7137960110,satellite_images\7137960110.jpg
4024101440,satellite_images\4024101440.jpg
439200035,satellite_images\439200035.jpg
7104100050,satellite_images\7104100050.jpg
3702900185,satellite_images\3702900185.jpg
1929300415,satellite_images\1929300415.jpg
8731901810,satellite_images\8731901810.jpg
8802400416,satellite_images\8802400416.jpg
4027700009,satellite_images\4027700009.jpg
1972201305,satellite_images\1972201305.jpg
2675600028,satellite_images\2675600028.jpg
3472800068,satellite_images\3472800068.jpg
1232001985,satellite_images\1232001985.jpg
1257200050,satellite_images\1257200050.jpg
8562900520,satellite_images\8562900520.jpg
1524800005,satellite_images\1524800005.jpg
6192410480,satellite_images\6192410480.jpg
2624089181,satellite_images\2624089181.jpg
6118600045,satellite_images\6118600045.jpg
3326059238,satellite_images\3326059238.jpg
6450301310,satellite_images\6450301310.jpg
8091670020,satellite_images\8091670020.jpg
6891100330,satellite_images\6891100330.jpg
4164100160,satellite_images\4164100160.jpg
7199360320,satellite_images\7199360320.jpg
4442800166,satellite_images\4442800166.jpg
524069020,satellite_images\524069020.jpg
9407100310,satellite_images\9407100310.jpg
1723049567,satellite_images\1723049567.jpg
1862900040,satellite_images\1862900040.jpg
1774200190,satellite_images\1774200190.jpg
1217000270,satellite_images\1217000270.jpg
4443800030,satellite_images\4443800030.jpg
411100020,satellite_images\411100020.jpg
869700350,satellite_images\869700350.jpg
3892500150,satellite_images\3892500150.jpg
5016003146,satellite_images\5016003146.jpg
1025079074,satellite_images\1025079074.jpg
259801140,satellite_images\259801140.jpg
3438502668,satellite_images\3438502668.jpg
1787600190,satellite_images\1787600190.jpg
7974200457,satellite_images\7974200457.jpg
3581000020,satellite_images\3581000020.jpg
3999200780,satellite_images\3999200780.jpg
4289900005,satellite_images\4289900005.jpg
5710600620,satellite_images\5710600620.jpg
5104540330,satellite_images\5104540330.jpg
3658700690,satellite_images\3658700690.jpg
686500030,satellite_images\686500030.jpg
7560000070,satellite_images\7560000070.jpg
9473200105,satellite_images\9473200105.jpg
2204500550,satellite_images\2204500550.jpg
4006000307,satellite_images\4006000307.jpg
1342300265,satellite_images\1342300265.jpg
8682261250,satellite_images\8682261250.jpg
3179100055,satellite_images\3179100055.jpg
2755200110,satellite_images\2755200110.jpg
7214780050,satellite_images\7214780050.jpg
3438502083,satellite_images\3438502083.jpg
5101406489,satellite_images\5101406489.jpg
3459600180,satellite_images\3459600180.jpg
4278900055,satellite_images\4278900055.jpg
8163000020,satellite_images\8163000020.jpg
4045500710,satellite_images\4045500710.jpg
6844703410,satellite_images\6844703410.jpg
1498300875,satellite_images\1498300875.jpg
9268851670,satellite_images\9268851670.jpg
8672200110,satellite_images\8672200110.jpg
222029026,satellite_images\222029026.jpg
7276100165,satellite_images\7276100165.jpg
7853302130,satellite_images\7853302130.jpg
739500270,satellite_images\739500270.jpg
9477200200,satellite_images\9477200200.jpg
6664000030,satellite_images\6664000030.jpg
3753000010,satellite_images\3753000010.jpg
3276200280,satellite_images\3276200280.jpg
2386000240,satellite_images\2386000240.jpg
3260800030,satellite_images\3260800030.jpg
8679600100,satellite_images\8679600100.jpg
9268700040,satellite_images\9268700040.jpg
1795500240,satellite_images\1795500240.jpg
8562790730,satellite_images\8562790730.jpg
825069078,satellite_images\825069078.jpg
7813200115,satellite_images\7813200115.jpg
4279600010,satellite_images\4279600010.jpg
9269200831,satellite_images\9269200831.jpg
6421000330,satellite_images\6421000330.jpg
521079025,satellite_images\521079025.jpg
1036000610,satellite_images\1036000610.jpg
3235100075,satellite_images\3235100075.jpg
3579700015,satellite_images\3579700015.jpg
798000145,satellite_images\798000145.jpg
3755000090,satellite_images\3755000090.jpg
1909600115,satellite_images\1909600115.jpg
9808100185,satellite_images\9808100185.jpg
2322069175,satellite_images\2322069175.jpg
4223400050,satellite_images\4223400050.jpg
3362401763,satellite_images\3362401763.jpg
42000006,satellite_images\42000006.jpg
3223059173,satellite_images\3223059173.jpg
9828201361,satellite_images\9828201361.jpg
3790600080,satellite_images\3790600080.jpg
2111010890,satellite_images\2111010890.jpg
1025069255,satellite_images\1025069255.jpg
5651010300,satellite_images\5651010300.jpg
7146400040,satellite_images\7146400040.jpg
2436700666,satellite_images\2436700666.jpg
6058600385,satellite_images\6058600385.jpg
6169901197,satellite_images\6169901197.jpg
7222000244,satellite_images\7222000244.jpg
9267200226,satellite_images\9267200226.jpg
2767603026,satellite_images\2767603026.jpg
7853301130,satellite_images\7853301130.jpg
2379300330,satellite_images\2379300330.jpg
1445500100,satellite_images\1445500100.jpg
2725069121,satellite_images\2725069121.jpg
6917700356,satellite_images\6917700356.jpg
3362400092,satellite_images\3362400092.jpg
3751600030,satellite_images\3751600030.jpg
3300790540,satellite_images\3300790540.jpg
6840700165,satellite_images\6840700165.jpg
4051150080,satellite_images\4051150080.jpg
1081330180,satellite_images\1081330180.jpg
2125049120,satellite_images\2125049120.jpg
7812800995,satellite_images\7812800995.jpg
5230300280,satellite_images\5230300280.jpg
1313300300,satellite_images\1313300300.jpg
114100354,satellite_images\114100354.jpg
1324300126,satellite_images\1324300126.jpg
6300500183,satellite_images\6300500183.jpg
1947300115,satellite_images\1947300115.jpg
1387301430,satellite_images\1387301430.jpg
1329000030,satellite_images\1329000030.jpg
522059327,satellite_images\522059327.jpg
2726049071,satellite_images\2726049071.jpg
5152920070,satellite_images\5152920070.jpg
2128000050,satellite_images\2128000050.jpg
9151600055,satellite_images\9151600055.jpg
6821102346,satellite_images\6821102346.jpg
623049341,satellite_images\623049341.jpg
1320069255,satellite_images\1320069255.jpg
393000385,satellite_images\393000385.jpg
6610000320,satellite_images\6610000320.jpg
9328500630,satellite_images\9328500630.jpg
2767603931,satellite_images\2767603931.jpg
7880010060,satellite_images\7880010060.jpg
6204200590,satellite_images\6204200590.jpg
809000525,satellite_images\809000525.jpg
2333230060,satellite_images\2333230060.jpg
224059025,satellite_images\224059025.jpg
1788300020,satellite_images\1788300020.jpg
8731900640,satellite_images\8731900640.jpg
3622059180,satellite_images\3622059180.jpg
7203100850,satellite_images\7203100850.jpg
1760650210,satellite_images\1760650210.jpg
6861700156,satellite_images\6861700156.jpg
7955040080,satellite_images\7955040080.jpg
8682261070,satellite_images\8682261070.jpg
2723069052,satellite_images\2723069052.jpg
5499200060,satellite_images\5499200060.jpg
4168100130,satellite_images\4168100130.jpg
1704900206,satellite_images\1704900206.jpg
9828702245,satellite_images\9828702245.jpg
7853302140,satellite_images\7853302140.jpg
6632300212,satellite_images\6632300212.jpg
4302200790,satellite_images\4302200790.jpg
2551500180,satellite_images\2551500180.jpg
2787460430,satellite_images\2787460430.jpg
4006000183,satellite_images\4006000183.jpg
7856601110,satellite_images\7856601110.jpg
1705400055,satellite_images\1705400055.jpg
4040800600,satellite_images\4040800600.jpg
8856920550,satellite_images\8856920550.jpg
7879600070,satellite_images\7879600070.jpg
1954420170,satellite_images\1954420170.jpg
2944500330,satellite_images\2944500330.jpg
6204000040,satellite_images\6204000040.jpg
2719100115,satellite_images\2719100115.jpg
820079101,satellite_images\820079101.jpg
913000340,satellite_images\913000340.jpg
4302201130,satellite_images\4302201130.jpg
7203101290,satellite_images\7203101290.jpg
6902000100,satellite_images\6902000100.jpg
8822901200,satellite_images\8822901200.jpg
8805900080,satellite_images\8805900080.jpg
2397100155,satellite_images\2397100155.jpg
7203220370,satellite_images\7203220370.jpg
3574900170,satellite_images\3574900170.jpg
3250500103,satellite_images\3250500103.jpg
3004800175,satellite_images\3004800175.jpg
1118001820,satellite_images\1118001820.jpg
2428100070,satellite_images\2428100070.jpg
4364200015,satellite_images\4364200015.jpg
3123800080,satellite_images\3123800080.jpg
9262800002,satellite_images\9262800002.jpg
3664500041,satellite_images\3664500041.jpg
3278600320,satellite_images\3278600320.jpg
7011201016,satellite_images\7011201016.jpg
1560920040,satellite_images\1560920040.jpg
9558020610,satellite_images\9558020610.jpg
4140090370,satellite_images\4140090370.jpg
9237800100,satellite_images\9237800100.jpg
643300210,satellite_images\643300210.jpg
7853361370,satellite_images\7853361370.jpg
5152980070,satellite_images\5152980070.jpg
7551300060,satellite_images\7551300060.jpg
1422069070,satellite_images\1422069070.jpg
9572000080,satellite_images\9572000080.jpg
2025059134,satellite_images\2025059134.jpg
9477000650,satellite_images\9477000650.jpg
3024059044,satellite_images\3024059044.jpg
424069130,satellite_images\424069130.jpg
2877103070,satellite_images\2877103070.jpg
4136890260,satellite_images\4136890260.jpg
7504400120,satellite_images\7504400120.jpg
4083300620,satellite_images\4083300620.jpg
3629920300,satellite_images\3629920300.jpg
1524059027,satellite_images\1524059027.jpg
3034200399,satellite_images\3034200399.jpg
6082400152,satellite_images\6082400152.jpg
3629971290,satellite_images\3629971290.jpg
3277801431,satellite_images\3277801431.jpg
1568100730,satellite_images\1568100730.jpg
1099600250,satellite_images\1099600250.jpg
9542830210,satellite_images\9542830210.jpg
2254501335,satellite_images\2254501335.jpg
7548301041,satellite_images\7548301041.jpg
844001140,satellite_images\844001140.jpg
9287802410,satellite_images\9287802410.jpg
3832060940,satellite_images\3832060940.jpg
3578400030,satellite_images\3578400030.jpg
6798100662,satellite_images\6798100662.jpg
4054530210,satellite_images\4054530210.jpg
4389201250,satellite_images\4389201250.jpg
2997800024,satellite_images\2997800024.jpg
9262800294,satellite_images\9262800294.jpg
9520900210,satellite_images\9520900210.jpg
7986400360,satellite_images\7986400360.jpg
4302700425,satellite_images\4302700425.jpg
853400240,satellite_images\853400240.jpg
2207500200,satellite_images\2207500200.jpg
7806450050,satellite_images\7806450050.jpg
8564850200,satellite_images\8564850200.jpg
3322049095,satellite_images\3322049095.jpg
5452800800,satellite_images\5452800800.jpg
3876000440,satellite_images\3876000440.jpg
3574801790,satellite_images\3574801790.jpg
8815400410,satellite_images\8815400410.jpg
7811210200,satellite_images\7811210200.jpg
6600400370,satellite_images\6600400370.jpg
1788700185,satellite_images\1788700185.jpg
2424059139,satellite_images\2424059139.jpg
6716700240,satellite_images\6716700240.jpg
4139480350,satellite_images\4139480350.jpg
1722800835,satellite_images\1722800835.jpg
6137500310,satellite_images\6137500310.jpg
3028200080,satellite_images\3028200080.jpg
9477710160,satellite_images\9477710160.jpg
9826701201,satellite_images\9826701201.jpg
3343301343,satellite_images\3343301343.jpg
2658000335,satellite_images\2658000335.jpg
8662500130,satellite_images\8662500130.jpg
625069064,satellite_images\625069064.jpg
1523069151,satellite_images\1523069151.jpg
9478501020,satellite_images\9478501020.jpg
2599000370,satellite_images\2599000370.jpg
2724069010,satellite_images\2724069010.jpg
2420069220,satellite_images\2420069220.jpg
9510310280,satellite_images\9510310280.jpg
1823099056,satellite_images\1823099056.jpg
2131700900,satellite_images\2131700900.jpg
9526600140,satellite_images\9526600140.jpg
7853280620,satellite_images\7853280620.jpg
6415100331,satellite_images\6415100331.jpg
7254000050,satellite_images\7254000050.jpg
5467900070,satellite_images\5467900070.jpg
4122900020,satellite_images\4122900020.jpg
3893100462,satellite_images\3893100462.jpg
4027700799,satellite_images\4027700799.jpg
7708180040,satellite_images\7708180040.jpg
9557300190,satellite_images\9557300190.jpg
9264950660,satellite_images\9264950660.jpg
7229210060,satellite_images\7229210060.jpg
3626039250,satellite_images\3626039250.jpg
2560805440,satellite_images\2560805440.jpg
3526039101,satellite_images\3526039101.jpg
4139910160,satellite_images\4139910160.jpg
7852150140,satellite_images\7852150140.jpg
8075400530,satellite_images\8075400530.jpg
8911000425,satellite_images\8911000425.jpg
2893000610,satellite_images\2893000610.jpg
3905010100,satellite_images\3905010100.jpg
9282801030,satellite_images\9282801030.jpg
3905010010,satellite_images\3905010010.jpg
1257201295,satellite_images\1257201295.jpg
6372000101,satellite_images\6372000101.jpg
9438300035,satellite_images\9438300035.jpg
3052701135,satellite_images\3052701135.jpg
8857320070,satellite_images\8857320070.jpg
2616800480,satellite_images\2616800480.jpg
9287801150,satellite_images\9287801150.jpg
3629980920,satellite_images\3629980920.jpg
6076500160,satellite_images\6076500160.jpg
9553200125,satellite_images\9553200125.jpg
7645900055,satellite_images\7645900055.jpg
1250200600,satellite_images\1250200600.jpg
4331000130,satellite_images\4331000130.jpg
3885803044,satellite_images\3885803044.jpg
4167960330,satellite_images\4167960330.jpg
1863900225,satellite_images\1863900225.jpg
1446403145,satellite_images\1446403145.jpg
225039177,satellite_images\225039177.jpg
5416500660,satellite_images\5416500660.jpg
1105000402,satellite_images\1105000402.jpg
7686202065,satellite_images\7686202065.jpg
1773100924,satellite_images\1773100924.jpg
8141200027,satellite_images\8141200027.jpg
7334501300,satellite_images\7334501300.jpg
5706600150,satellite_images\5706600150.jpg
7199320570,satellite_images\7199320570.jpg
4024100090,satellite_images\4024100090.jpg
3365900520,satellite_images\3365900520.jpg
7437100570,satellite_images\7437100570.jpg
2320069206,satellite_images\2320069206.jpg
3756500060,satellite_images\3756500060.jpg
7933250050,satellite_images\7933250050.jpg
7852190050,satellite_images\7852190050.jpg
9510320150,satellite_images\9510320150.jpg
1900600105,satellite_images\1900600105.jpg
9362000040,satellite_images\9362000040.jpg
3277801586,satellite_images\3277801586.jpg
2553300120,satellite_images\2553300120.jpg
2607760700,satellite_images\2607760700.jpg
3818700016,satellite_images\3818700016.jpg
2025700860,satellite_images\2025700860.jpg
7941130110,satellite_images\7941130110.jpg
8961990090,satellite_images\8961990090.jpg
8019200030,satellite_images\8019200030.jpg
5561401220,satellite_images\5561401220.jpg
9526600210,satellite_images\9526600210.jpg
3793400360,satellite_images\3793400360.jpg
3964400160,satellite_images\3964400160.jpg
6072000380,satellite_images\6072000380.jpg
9512500380,satellite_images\9512500380.jpg
1796250140,satellite_images\1796250140.jpg
8854000370,satellite_images\8854000370.jpg
6139800390,satellite_images\6139800390.jpg
1721801010,satellite_images\1721801010.jpg
2422049104,satellite_images\2422049104.jpg
1522039105,satellite_images\1522039105.jpg
1370801020,satellite_images\1370801020.jpg
3585300445,satellite_images\3585300445.jpg
6190000035,satellite_images\6190000035.jpg
2524049018,satellite_images\2524049018.jpg
8819900449,satellite_images\8819900449.jpg
6145602355,satellite_images\6145602355.jpg
259600890,satellite_images\259600890.jpg
9158100040,satellite_images\9158100040.jpg
4310701600,satellite_images\4310701600.jpg
2548100140,satellite_images\2548100140.jpg
1389600040,satellite_images\1389600040.jpg
2123700015,satellite_images\2123700015.jpg
7663700663,satellite_images\7663700663.jpg
1115810060,satellite_images\1115810060.jpg
7215730310,satellite_images\7215730310.jpg
5631500191,satellite_images\5631500191.jpg
419000035,satellite_images\419000035.jpg
425049146,satellite_images\425049146.jpg
8651430780,satellite_images\8651430780.jpg
6781200013,satellite_images\6781200013.jpg
1778500620,satellite_images\1778500620.jpg
1561900330,satellite_images\1561900330.jpg
5104531640,satellite_images\5104531640.jpg
3444910020,satellite_images\3444910020.jpg
2768100545,satellite_images\2768100545.jpg
6413100270,satellite_images\6413100270.jpg
1196003428,satellite_images\1196003428.jpg
4055700955,satellite_images\4055700955.jpg
1443500395,satellite_images\1443500395.jpg
1232000950,satellite_images\1232000950.jpg
7701960990,satellite_images\7701960990.jpg
9543000205,satellite_images\9543000205.jpg
7781600100,satellite_images\7781600100.jpg
7215721350,satellite_images\7215721350.jpg
6600220380,satellite_images\6600220380.jpg
5078400160,satellite_images\5078400160.jpg
5272200045,satellite_images\5272200045.jpg
9578500790,satellite_images\9578500790.jpg
7202350480,satellite_images\7202350480.jpg
1723049033,satellite_images\1723049033.jpg
6147650280,satellite_images\6147650280.jpg
